363.83602291 11.226091832 17.0269587283 11.226091832 9.85722253336 21.1472943848 1.11960629406 -1.1305305831 -1.85673138585 -1.85673138585 -1.85673138585 -1.85673138585 -6.93939968997 -6.93939968997 -6.93939968997 -4.68926281281 -1.26196750927 -5.03747655023 -5.56956414393 -7.66560049272 -3.5452648362 -0.173388778693 -5.34742043196 1.63262471704 -0.173388778693 6.80665637031 -6.93939968997 -6.93939968997 -6.93939968997 -6.93939968997 -6.93939968997 -1.28634194079 -6.93939968997 -1.28634194079 -1.28634194079 -1.28634194079 3.22953209333 -1.28634194079 -28.2863419408 -1.28634194079 -1.28634194079 -1.28634194079 -5.03747655023 4.55651949315 -6.93939968997 -6.93939968997 1.94256859877 -6.93939968997 -10.6535897565 -1.1305305831 -1.1305305831 10.2802026891 2.13532449935 10.2802026891 4.38546137651 -2.59458377249 4.38546137651 4.38546137651 4.38546137651 -3.68316250307 -6.93939968997 -6.93939968997 -6.93939968997 -6.93939968997 -6.93939968997 -5.03747655023 6.80665637031 6.80665637031 -0.445611111499 1.41048100507 4.55651949315 -2.56156848897 10.2802026891 4.03473503258 12.5303395663 -3.75865452559 2.57740605238 1.11960629406 -2.59458377249 2.60456604899 0.461448674909 5.63548032817 -1.85673138585 0.771392556639 -7.05378020299 -6.93939968997 -6.93939968997 -0.319427266773 3.08349360525 -4.18657439681 -5.19768808642 -3.37955965272 -3.23146305449 -11.6096237534 -3.67354460752 4.55651949315 -2.42352565585 -11.1818173842 -5.30829257894 -0.911421269427 -0.911421269427 -6.91142126943 -2.0 -6.93939968997 -6.93939968997 -6.93939968997 -6.93939968997 -6.93939968997 -6.93939968997 4.55651949315 6.80665637031 -2.42352565585 6.80665637031 4.55651949315 -10.6535897565 5.71807763974 -8.02797842054 -10.656102363 -10.656102363 -0.685555343718 3.46794076258 -4.68926281281 -6.59743938362 -7.66560049272 -5.03747655023 -7.66560049272 -7.66560049272 -5.03747655023 -6.93939968997 -6.93939968997 4.55651949315 -6.93939968997 6.80665637031 -6.93939968997 -4.24491109613 -12.839632146 -2.56156848897 -10.053780203 -8.19768808642 -2.42352565585 -8.75417922329 -0.319427266773 -7.66560049272 4.55651949315 4.55651949315 -7.66560049272 -0.911421269427 -0.103017595911 -0.911421269427 -19.9414594493 3.2688584616 -0.911421269427 -0.911421269427 -10.6535897565 -3.5452648362 -3.5452648362 -0.173388778693 -11.767513386 -0.173388778693 -8.40345287936 -8.40345287936 -0.173388778693 -0.173388778693 -8.40345287936 -5.03747655023 4.55651949315 -10.6535897565 -3.67354460752 -2.42352565585 -5.03747655023 -4.76212333809 10.2802026891 -1.1305305831 -1.1305305831 -1.1305305831 -1.1305305831 -1.1305305831 3.22953209333 -16.7904227577 3.22953209333 3.22953209333 -16.7904227577 0.615581198951 -8.40345287936 -8.40345287936 -7.66560049272 -6.1260552808 -8.02797842054 -5.03747655023 4.55651949315 -3.23146305449 1.94256859877 1.43584097924 -4.76212333809 4.55651949315
11.226091832 70.8190530663 11.9648936763 70.8190530663 52.8418171006 7.4296477524 3.23930496294 3.23930496294 4.77455088686 4.77455088686 4.77455088686 4.77455088686 -2.56956414393 -2.56956414393 -2.56956414393 -2.56956414393 -6.6581428745 -12.6834183851 -7.34536749514 -1.03431822001 -5.56956414393 -5.56956414393 -3.79813387105 3.18191127795 -5.56956414393 1.41048100507 -2.56956414393 -2.56956414393 -2.56956414393 -2.56956414393 -2.56956414393 3.08349360525 -2.56956414393 3.08349360525 3.08349360525 3.08349360525 0.0834936052476 3.08349360525 -23.9165063947 3.08349360525 3.08349360525 3.08349360525 -5.56956414393 1.41048100507 -2.56956414393 -2.56956414393 1.41048100507 -2.56956414393 -5.56956414393 3.23930496294 3.23930496294 14.6500382351 7.21935011194 14.6500382351 7.21935011194 0.239304962936 7.21935011194 7.21935011194 7.21935011194 -0.849273767637 -2.56956414393 -2.56956414393 -2.56956414393 -2.56956414393 -2.56956414393 -5.56956414393 1.41048100507 1.41048100507 2.41712125948 24.2624768725 1.41048100507 -4.56292388952 14.6500382351 -2.68162458525 14.6500382351 3.23930496294 0.1783844182 3.23930496294 0.239304962936 -2.79160931625 2.01073523582 0.239304962936 0.239304962936 0.239304962936 -6.17362741157 -2.56956414393 -2.56956414393 19.7201236351 25.3731813843 0.244220356077 -1.84221677606 -5.73793241433 3.18191127795 20.906880754 1.41048100507 1.41048100507 -5.56956414393 -5.69024265784 -9.30640060718 -7.94470202486 -6.74788189547 -5.10824139881 -4.83646062605 -2.56956414393 -2.56956414393 -2.56956414393 -2.56956414393 -2.56956414393 -2.56956414393 1.41048100507 1.41048100507 -5.56956414393 1.41048100507 1.41048100507 -5.56956414393 0.321902274498 -3.6581428745 -3.6581428745 -3.6581428745 -7.40191496155 0.321902274498 -2.56956414393 3.18191127795 -5.56956414393 -5.56956414393 -5.56956414393 -5.56956414393 -5.56956414393 -2.56956414393 -2.56956414393 1.41048100507 -2.56956414393 1.41048100507 -2.56956414393 9.82958657487 0.737112052872 -4.56292388952 4.02071746801 25.8660730811 -5.56956414393 -15.4705388411 19.2483544 -1.03431822001 1.41048100507 1.41048100507 -1.03431822001 -3.40969967332 -12.512232951 -3.40969967332 -40.6008116815 -12.512232951 0.787120456057 0.787120456057 -5.56956414393 -5.56956414393 -5.56956414393 -5.56956414393 -16.6413444789 -5.56956414393 -5.56956414393 -5.56956414393 -5.56956414393 -5.56956414393 -5.56956414393 0.664223505477 1.41048100507 -5.56956414393 1.41048100507 -5.56956414393 -5.56956414393 0.321902274498 14.6500382351 3.23930496294 3.23930496294 3.23930496294 3.23930496294 3.23930496294 0.0834936052476 -19.9364612457 0.0834936052476 0.0834936052476 -19.9364612457 0.0834936052476 -5.56956414393 -5.56956414393 -5.56956414393 -6.6581428745 -3.6581428745 -5.56956414393 1.41048100507 3.18191127795 1.41048100507 -1.71019750884 0.321902274498 1.41048100507
17.0269587283 11.9648936763 103.648327636 11.9648936763 15.3918429781 86.2711946993 -5.17222336646 -2.54409942397 5.83303351294 5.83303351294 5.83303351294 5.83303351294 -2.69991078166 -2.69991078166 -2.69991078166 -5.32803472415 -9.41661345472 -14.5123067483 -12.5253464409 5.67722215525 -11.6999107817 -8.32803472415 -6.55660445127 0.423440697733 -8.32803472415 -1.34798957515 -2.69991078166 -2.69991078166 -2.69991078166 -2.69991078166 -2.69991078166 -2.69991078166 -2.69991078166 -2.69991078166 -2.69991078166 -2.69991078166 -5.69991078166 -2.69991078166 -29.6999107816 -2.69991078166 -2.69991078166 -2.69991078166 -5.69991078166 1.28013436734 -2.69991078166 -2.69991078166 1.28013436734 -2.69991078166 -5.69991078166 -2.54409942397 -2.54409942397 8.86663384823 1.43594572503 8.86663384823 -1.19217821746 -8.17222336646 -1.19217821746 -1.19217821746 -1.19217821746 -9.26080209703 -2.69991078166 -2.69991078166 -2.69991078166 -2.69991078166 -2.69991078166 -5.69991078166 -1.34798957515 -1.34798957515 46.9138154063 -0.781300758933 1.28013436734 37.3056463148 8.86663384823 -1.62314195917 6.23850990574 4.29778758902 -5.6050199687 -5.17222336646 -8.17222336646 -11.2031376456 -6.40079309358 -8.17222336646 -8.17222336646 -5.54409942397 45.1649537482 -2.69991078166 -2.69991078166 -7.95177793887 -5.32365399638 1.30270298216 1.51823301661 -9.21936963464 3.05156464022 -4.13689687749 1.28013436734 1.28013436734 -5.69991078166 -8.75541870431 35.6273401884 -7.11592274719 -0.911421269427 -3.64591179172 -2.0 -2.69991078166 -2.69991078166 -2.69991078166 -2.69991078166 -2.69991078166 -2.69991078166 1.28013436734 -1.34798957515 -5.69991078166 -1.34798957515 1.28013436734 -5.69991078166 -2.43656830572 -3.78848951223 3.05339750076 3.05339750076 -0.690374586285 0.191555636772 -5.32803472415 0.423440697733 -8.32803472415 -5.69991078166 -8.32803472415 -8.32803472415 -5.69991078166 -2.69991078166 -2.69991078166 1.28013436734 -2.69991078166 -1.34798957515 -2.69991078166 55.5151099855 7.44865242813 37.3056463148 55.3592986278 7.66418246258 -5.69991078166 -8.75899846586 -8.42354717397 5.67722215525 1.28013436734 1.28013436734 5.67722215525 2.62644654764 12.9048611766 2.62644654764 -21.2818524519 16.2767372341 -0.911421269427 -0.911421269427 -5.69991078166 -11.6999107817 -11.6999107817 -8.32803472415 32.7991164953 -8.32803472415 -8.32803472415 -8.32803472415 -8.32803472415 -8.32803472415 -8.32803472415 -1.16466485773 1.28013436734 -5.69991078166 1.28013436734 -5.69991078166 -5.69991078166 0.191555636772 8.86663384823 -2.54409942397 -2.54409942397 -2.54409942397 -2.54409942397 -2.54409942397 -5.69991078166 -25.7198656326 -5.69991078166 -5.69991078166 -25.7198656326 -5.69991078166 -8.32803472415 -8.32803472415 -8.32803472415 -6.78848951223 -3.78848951223 -5.69991078166 1.28013436734 3.05156464022 1.28013436734 1.22462644469 0.191555636772 1.28013436734
11.226091832 70.8190530663 11.9648936763 70.8190530663 52.8418171006 7.4296477524 3.23930496294 3.23930496294 4.77455088686 4.77455088686 4.77455088686 4.77455088686 -2.56956414393 -2.56956414393 -2.56956414393 -2.56956414393 -6.6581428745 -12.6834183851 -7.34536749514 -1.03431822001 -5.56956414393 -5.56956414393 -3.79813387105 3.18191127795 -5.56956414393 1.41048100507 -2.56956414393 -2.56956414393 -2.56956414393 -2.56956414393 -2.56956414393 3.08349360525 -2.56956414393 3.08349360525 3.08349360525 3.08349360525 0.0834936052476 3.08349360525 -23.9165063947 3.08349360525 3.08349360525 3.08349360525 -5.56956414393 1.41048100507 -2.56956414393 -2.56956414393 1.41048100507 -2.56956414393 -5.56956414393 3.23930496294 3.23930496294 14.6500382351 7.21935011194 14.6500382351 7.21935011194 0.239304962936 7.21935011194 7.21935011194 7.21935011194 -0.849273767637 -2.56956414393 -2.56956414393 -2.56956414393 -2.56956414393 -2.56956414393 -5.56956414393 1.41048100507 1.41048100507 2.41712125948 24.2624768725 1.41048100507 -4.56292388952 14.6500382351 -2.68162458525 14.6500382351 3.23930496294 0.1783844182 3.23930496294 0.239304962936 -2.79160931625 2.01073523582 0.239304962936 0.239304962936 0.239304962936 -6.17362741157 -2.56956414393 -2.56956414393 19.7201236351 25.3731813843 0.244220356077 -1.84221677606 -5.73793241433 3.18191127795 20.906880754 1.41048100507 1.41048100507 -5.56956414393 -5.69024265784 -9.30640060718 -7.94470202486 -6.74788189547 -5.10824139881 -4.83646062605 -2.56956414393 -2.56956414393 -2.56956414393 -2.56956414393 -2.56956414393 -2.56956414393 1.41048100507 1.41048100507 -5.56956414393 1.41048100507 1.41048100507 -5.56956414393 0.321902274498 -3.6581428745 -3.6581428745 -3.6581428745 -7.40191496155 0.321902274498 -2.56956414393 3.18191127795 -5.56956414393 -5.56956414393 -5.56956414393 -5.56956414393 -5.56956414393 -2.56956414393 -2.56956414393 1.41048100507 -2.56956414393 1.41048100507 -2.56956414393 9.82958657487 0.737112052872 -4.56292388952 4.02071746801 25.8660730811 -5.56956414393 -15.4705388411 19.2483544 -1.03431822001 1.41048100507 1.41048100507 -1.03431822001 -3.40969967332 -12.512232951 -3.40969967332 -40.6008116815 -12.512232951 0.787120456057 0.787120456057 -5.56956414393 -5.56956414393 -5.56956414393 -5.56956414393 -16.6413444789 -5.56956414393 -5.56956414393 -5.56956414393 -5.56956414393 -5.56956414393 -5.56956414393 0.664223505477 1.41048100507 -5.56956414393 1.41048100507 -5.56956414393 -5.56956414393 0.321902274498 14.6500382351 3.23930496294 3.23930496294 3.23930496294 3.23930496294 3.23930496294 0.0834936052476 -19.9364612457 0.0834936052476 0.0834936052476 -19.9364612457 0.0834936052476 -5.56956414393 -5.56956414393 -5.56956414393 -6.6581428745 -3.6581428745 -5.56956414393 1.41048100507 3.18191127795 1.41048100507 -1.71019750884 0.321902274498 1.41048100507
9.85722253336 52.8418171006 15.3918429781 52.8418171006 90.1385943114 18.0057938725 -0.743515230051 -0.743515230051 -3.74351523005 -3.74351523005 -3.74351523005 -3.74351523005 -0.899326587739 -0.899326587739 -0.899326587739 -0.899326587739 -2.37395442393 -6.73578721379 -6.32190382112 -3.89932658774 -1.28537569336 -1.28537569336 0.486054579517 7.46609972852 -1.28537569336 5.69466945564 -0.899326587739 -0.899326587739 -0.899326587739 -0.899326587739 -0.899326587739 -0.899326587739 -0.899326587739 -0.899326587739 -0.899326587739 -0.899326587739 -1.28537569336 -0.899326587739 -27.8993265877 -0.899326587739 -0.899326587739 -0.899326587739 -3.89932658774 5.69466945564 -0.899326587739 -0.899326587739 3.08071856126 -0.899326587739 -9.51543979403 -0.743515230051 -0.743515230051 10.6672180421 -2.37958328734 10.6672180421 -2.37958328734 -9.35962843634 -2.37958328734 -2.37958328734 -2.37958328734 -10.4482071669 -0.899326587739 -0.899326587739 -0.899326587739 -0.899326587739 -0.899326587739 -3.89932658774 5.69466945564 5.69466945564 -0.836808681586 21.0085469315 5.69466945564 -5.20290293621 10.6672180421 2.14795118838 10.6672180421 -0.743515230051 5.00796019183 -0.743515230051 -9.35962843634 -1.12956433567 0.641865937206 -1.12956433567 -3.74351523005 -3.74351523005 -9.42755735264 -0.899326587739 -0.899326587739 16.466193694 16.466193694 -3.73859983691 -5.09614671712 -6.37791146101 4.85214883414 12.0368376066 -2.53539464503 5.69466945564 -1.28537569336 12.2757887753 -7.74794128569 0.166495008022 2.84137327265 -6.58629953405 4.75279454207 -0.899326587739 -0.899326587739 -0.899326587739 -0.899326587739 -0.899326587739 -0.899326587739 5.69466945564 5.69466945564 -1.28537569336 5.69466945564 5.69466945564 -9.51543979403 4.60609072507 -1.98790531831 -1.98790531831 -1.98790531831 3.08071856126 4.60609072507 -0.899326587739 -0.76396437215 -3.89932658774 -3.89932658774 -3.89932658774 -3.89932658774 -3.89932658774 -0.899326587739 -0.899326587739 5.69466945564 -0.899326587739 5.69466945564 -0.899326587739 -3.61264703929 -2.12789631486 -5.20290293621 -3.76845839698 18.0768972161 -1.28537569336 -4.98790531831 15.9944244589 -3.89932658774 5.69466945564 5.69466945564 -3.89932658774 0.319609134743 -4.24792179137 0.319609134743 -32.3365005219 -4.24792179137 -3.74788189548 -3.74788189548 -9.51543979403 -1.28537569336 -1.28537569336 -1.28537569336 -9.30700664751 -1.28537569336 -9.51543979403 -9.51543979403 -1.28537569336 -1.28537569336 -9.51543979403 -6.73578721379 5.69466945564 -9.51543979403 -2.53539464503 -1.28537569336 -3.89932658774 -3.6239733756 10.6672180421 -0.743515230051 -0.743515230051 -0.743515230051 -0.743515230051 -0.743515230051 -1.28537569336 -21.3053305444 -1.28537569336 -1.28537569336 -21.3053305444 -3.89932658774 -9.51543979403 -9.51543979403 -3.89932658774 -4.98790531831 -1.98790531831 -3.89932658774 5.69466945564 4.85214883414 3.08071856126 8.17807407002 -3.6239733756 5.69466945564
21.1472943848 7.4296477524 86.2711946993 7.4296477524 18.0057938725 122.142982079 -3.66583860432 -2.54409942397 -11.544099424 -11.544099424 -11.544099424 -11.544099424 -2.69991078166 -2.69991078166 -2.69991078166 -3.82164996201 -5.2962777982 -5.69991078166 -3.71295047433 -11.6999107817 24.1718765977 -4.20769906763 -2.43626879475 4.54377635425 -4.20769906763 2.77234608137 -2.69991078166 -2.69991078166 -2.69991078166 -2.69991078166 -2.69991078166 -2.69991078166 -2.69991078166 -2.69991078166 -2.69991078166 -2.69991078166 -3.08595988728 -2.69991078166 -29.6999107816 -2.69991078166 -2.69991078166 -2.69991078166 -5.69991078166 3.89408526172 -2.69991078166 -2.69991078166 1.28013436734 -2.69991078166 -11.3160239879 -2.54409942397 -2.54409942397 8.86663384823 -4.18016748126 8.86663384823 -5.30190666161 -12.2819518106 -5.30190666161 -5.30190666161 -5.30190666161 -13.3705305412 -2.69991078166 -2.69991078166 -2.69991078166 -2.69991078166 -2.69991078166 -5.69991078166 2.77234608137 2.77234608137 46.9138154063 -0.781300758933 3.89408526172 41.4259819713 8.86663384823 -5.65263300554 7.74489466788 -8.54409942397 3.20737599791 -3.66583860432 -12.2819518106 -7.08280198913 -2.28045743706 -4.05188770994 -11.544099424 -5.54409942397 32.3230667352 -2.69991078166 -2.69991078166 -6.44539317673 -5.32365399638 -11.5391840308 -11.3236539964 -6.60541874027 3.05156464022 -9.75301008378 -4.33597883895 3.89408526172 -3.08595988728 24.5024177806 37.1337249506 -7.11592274719 -0.911421269427 15.2636529181 -2.0 -2.69991078166 -2.69991078166 -2.69991078166 -2.69991078166 -2.69991078166 -2.69991078166 3.89408526172 2.77234608137 -3.08595988728 2.77234608137 3.89408526172 -11.3160239879 1.6837673508 -3.78848951223 -9.78848951223 -9.78848951223 -4.71986563266 2.80550653115 -3.82164996201 -3.68628774642 -11.6999107817 -5.69991078166 -11.6999107817 -11.6999107817 -5.69991078166 -2.69991078166 -2.69991078166 3.89408526172 -2.69991078166 2.77234608137 -2.69991078166 38.1379770486 -9.92848050878 41.4259819713 37.9821656909 -9.71295047433 -3.08595988728 -12.7884895122 -6.91716241183 -11.6999107817 3.89408526172 3.89408526172 -11.6999107817 2.62644654764 31.8144258865 2.62644654764 -19.7754676898 3.43485022116 -0.911421269427 -0.911421269427 -11.3160239879 24.1718765977 24.1718765977 -4.20769906763 60.5210771718 -4.20769906763 -12.4377631683 -12.4377631683 -4.20769906763 -4.20769906763 -12.4377631683 -5.69991078166 3.89408526172 -11.3160239879 -4.33597883895 -3.08595988728 -5.69991078166 -5.42455756952 8.86663384823 -2.54409942397 -2.54409942397 -2.54409942397 -2.54409942397 -2.54409942397 -3.08595988728 -23.1059147383 -3.08595988728 -3.08595988728 -23.1059147383 -5.69991078166 -12.4377631683 -12.4377631683 -11.6999107817 -6.78848951223 -3.78848951223 -5.69991078166 3.89408526172 3.05156464022 1.28013436734 3.83857733907 -5.42455756952 3.89408526172
1.11960629406 3.23930496294 -5.17222336646 3.23930496294 -0.743515230051 -3.66583860432 51.7161090301 40.0895812339 1.75298957473 1.75298957473 1.75298957473 1.75298957473 0.845729469726 -4.77038373656 6.03541862669 32.4507402095 -0.266197443056 -10.8041465088 -2.56956414393 -4.05587953213 -2.54949476999 0.822381287517 0.550272773994 -1.9272029026 -1.65509438908 -1.65509438908 -4.77038373656 -4.77038373656 -4.77038373656 6.03541862669 6.03541862669 11.6884763759 6.03541862669 11.6884763759 11.6884763759 0.882674012616 1.74782648294 0.882674012616 0.882674012616 0.882674012616 0.882674012616 6.4987872189 -3.90523126624 -3.90523126624 0.845729469726 0.845729469726 -3.90523126624 31.6300147765 -10.8041465088 11.8442877336 40.0895812339 1.0384853703 1.90363784063 1.0384853703 4.15377471779 9.28194774489 4.15377471779 4.15377471779 4.15377471779 8.19336901431 0.845729469726 0.845729469726 0.845729469726 0.845729469726 0.845729469726 -3.90523126624 -1.65509438908 -1.65509438908 -4.4256562605 -2.56956414393 -3.90523126624 0.301956293253 6.65459857659 -1.81306483243 3.28862224746 4.0264746341 1.63152932711 14.0944246107 9.28194774489 3.6003361152 6.35914188086 6.63125039438 1.75298957473 -2.34458005139 -4.5763045264 -10.8041465088 -10.8041465088 -0.319427266773 3.08349360525 1.32506970352 -5.19768808642 -2.56956414393 -4.17733977976 -2.56956414393 -3.90523126624 -3.90523126624 -3.90523126624 -5.67017328391 -2.83081690235 -0.911421269427 -0.911421269427 -6.91142126943 -2.0 0.845729469726 0.845729469726 6.03541862669 6.03541862669 -4.77038373656 -4.77038373656 -3.90523126624 -1.65509438908 -3.90523126624 -1.65509438908 -3.90523126624 -3.90523126624 -2.74367311965 -5.85896246714 -2.87097320334 -2.87097320334 -6.53335520873 -4.99380999681 -2.5202468594 -1.9272029026 -4.05587953213 -10.8041465088 -4.05587953213 -4.05587953213 -10.8041465088 0.845729469726 6.03541862669 -3.90523126624 -4.77038373656 -1.65509438908 6.03541862669 -1.24491109613 -4.32798804566 0.301956293253 -7.05378020299 -5.19768808642 -10.8041465088 -5.14445826271 -0.319427266773 -4.05587953213 -3.90523126624 -3.90523126624 -4.05587953213 -0.911421269427 -6.91142126943 -0.911421269427 0.250136877158 -3.53954521192 -0.911421269427 -0.911421269427 -10.8041465088 -2.54949476999 -2.54949476999 0.822381287517 -6.2900377094 0.822381287517 0.822381287517 0.822381287517 0.822381287517 0.822381287517 0.822381287517 -10.8041465088 -3.90523126624 -3.90523126624 -3.90523126624 -3.90523126624 -3.90523126624 -4.99380999681 1.0384853703 11.8442877336 11.8442877336 11.8442877336 11.8442877336 6.65459857659 1.74782648294 1.74782648294 1.74782648294 1.74782648294 1.74782648294 1.74782648294 0.822381287517 0.822381287517 -4.05587953213 -11.8927252393 -0.242849260847 -10.8041465088 -3.90523126624 -4.17733977976 -3.90523126624 -7.02590978015 -4.99380999681 -3.90523126624
-1.1305305831 3.23930496294 -2.54409942397 3.23930496294 -0.743515230051 -2.54409942397 40.0895812339 73.7683553215 -4.99527740189 -4.99527740189 -4.99527740189 -4.99527740189 -0.835643941413 -6.32401827859 4.48178408466 20.8242124133 -11.8927252393 -10.8041465088 -2.56956414393 -10.8041465088 -10.8041465088 -10.8041465088 -11.0762550223 -4.17733977976 -3.90523126624 -3.90523126624 -2.00539168973 -2.00539168973 -2.00539168973 8.80041067352 8.80041067352 14.4534684227 8.80041067352 14.4534684227 14.4534684227 3.64766605945 4.51281852977 -0.670960529412 3.64766605945 -0.670960529412 3.64766605945 4.81741380776 -5.58660467738 -1.14023921941 -0.835643941413 -0.835643941413 -5.58660467738 65.3087888642 22.8746275789 14.6092797804 73.7683553215 3.80347741714 4.66862988746 3.80347741714 1.90363784063 -2.34458005139 1.90363784063 1.90363784063 1.90363784063 -3.43315878196 -0.835643941413 -0.835643941413 -0.835643941413 -0.835643941413 -0.835643941413 -5.58660467738 -3.90523126624 -3.90523126624 -10.4256562605 -4.25093755507 -5.45886580826 -11.324571503 0.654598576594 0.815059110057 1.0384853703 6.65459857659 -4.36847067289 11.8442877336 -2.34458005139 -8.02619168108 -5.26738591542 -4.99527740189 -4.99527740189 22.5692019894 -11.324571503 14.1096355321 18.4282621209 -2.56956414393 1.52985906322 -5.4231972731 -2.56956414393 0.195427902901 -10.1773397798 0.195427902901 -1.14023921941 -1.14023921941 -1.14023921941 -13.9248250227 -14.4573446986 -0.911421269427 -0.911421269427 -0.911421269427 -2.0 -0.835643941413 -0.835643941413 8.80041067352 8.80041067352 -2.00539168973 -2.00539168973 -5.45886580826 -3.90523126624 -1.14023921941 -3.90523126624 -5.45886580826 -1.14023921941 -4.99380999681 -7.41259700916 -0.242849260847 -0.242849260847 -3.90523126624 -2.22881794998 -4.77038373656 -4.17733977976 -10.8041465088 14.1096355321 -10.8041465088 -10.8041465088 14.1096355321 -0.835643941413 4.48178408466 -1.14023921941 -6.32401827859 -3.90523126624 8.80041067352 1.38321284637 -11.0762550223 -11.324571503 -4.4256562605 -2.56956414393 18.55600099 -11.8927252393 -2.56956414393 -10.8041465088 -5.45886580826 -1.14023921941 -10.8041465088 -0.911421269427 -0.911421269427 -0.911421269427 -2.0 -0.911421269427 -0.911421269427 -0.911421269427 18.55600099 -10.8041465088 -10.8041465088 -10.8041465088 -9.66642862852 -10.8041465088 -10.8041465088 -10.8041465088 -10.8041465088 -10.8041465088 -10.8041465088 -10.8041465088 -1.14023921941 -1.14023921941 -1.14023921941 -5.45886580826 -5.58660467738 -2.22881794998 3.80347741714 10.2906531915 10.2906531915 10.2906531915 10.2906531915 0.654598576594 4.51281852977 4.51281852977 0.194191940914 4.51281852977 0.194191940914 0.0664530718021 -10.8041465088 -10.8041465088 -10.8041465088 17.3396833904 -1.92422267199 18.4282621209 -1.14023921941 -5.8587131909 -5.58660467738 -4.26091773332 -2.22881794998 -5.45886580826
-1.85673138585 4.77455088686 5.83303351294 4.77455088686 -3.74351523005 -11.544099424 1.75298957473 -4.99527740189 26.4663707025 26.4663707025 26.4663707025 26.4663707025 -3.90523126624 -3.90523126624 -3.90523126624 -4.05587953213 3.47159534501 -11.0004888677 -7.66782964257 18.565430955 1.18829801808 4.56017407559 -0.613857577678 -9.80546372225 -4.63143206899 -4.63143206899 -3.90523126624 -3.90523126624 -3.90523126624 -3.90523126624 -3.90523126624 1.74782648294 -3.90523126624 1.74782648294 1.74782648294 1.74782648294 3.64974962268 1.74782648294 1.74782648294 1.74782648294 1.74782648294 1.74782648294 -2.0033081265 -2.0033081265 -3.90523126624 -3.90523126624 -2.0033081265 -10.8041465088 -2.18809290104 1.90363784063 -4.99527740189 1.90363784063 3.80556098037 1.90363784063 1.17743703788 10.3690431825 1.17743703788 1.17743703788 1.17743703788 9.28046445188 -3.90523126624 -3.90523126624 -3.90523126624 -3.90523126624 -3.90523126624 -2.0033081265 -4.63143206899 -4.63143206899 -7.4256562605 -5.56956414393 -2.0033081265 -0.862174058419 1.90363784063 0.746473296169 -0.724486101862 8.74552485362 -10.1808666395 -0.724486101862 10.3690431825 9.43019954389 7.2870821698 12.4611138231 12.4611138231 3.62077620583 4.89370642908 -10.8041465088 -10.8041465088 -5.19768808642 3.08349360525 10.795080659 4.27232286906 -5.56956414393 -7.17733977976 -5.56956414393 -2.0033081265 -2.0033081265 -2.0033081265 -10.5484341036 -7.709077722 -0.911421269427 -0.911421269427 2.55858968605 -2.0 -3.90523126624 -3.90523126624 -3.90523126624 -3.90523126624 -3.90523126624 -3.90523126624 -2.0033081265 -4.63143206899 -2.0033081265 -4.63143206899 -2.0033081265 -2.0033081265 -5.72001079956 -4.99380999681 1.84807701618 1.84807701618 -3.97381708013 -3.09188685707 -6.53335520873 -9.80546372225 4.56017407559 -2.18809290104 4.56017407559 4.56017407559 -2.18809290104 -3.90523126624 -3.90523126624 -2.0033081265 -3.90523126624 -4.63143206899 -3.90523126624 18.5665468919 13.3913993017 -0.862174058419 10.6656071444 12.521699261 -2.18809290104 4.12921033388 -5.19768808642 18.565430955 -2.0033081265 -2.0033081265 18.565430955 -0.911421269427 2.55858968605 -0.911421269427 -4.62812394249 5.93046574356 -0.911421269427 -0.911421269427 -2.18809290104 1.18829801808 1.18829801808 4.56017407559 -1.91829225256 4.56017407559 4.56017407559 4.56017407559 4.56017407559 4.56017407559 4.56017407559 2.34715302288 -2.0033081265 -2.0033081265 -2.0033081265 -2.0033081265 -2.0033081265 -3.09188685707 1.90363784063 1.90363784063 1.90363784063 1.90363784063 1.90363784063 1.90363784063 3.64974962268 3.64974962268 3.64974962268 3.64974962268 3.64974962268 3.64974962268 4.56017407559 4.56017407559 4.56017407559 -3.27667163161 -4.99380999681 -2.18809290104 -2.0033081265 -7.17733977976 -2.0033081265 -5.12398664041 -3.09188685707 -2.0033081265
-1.85673138585 4.77455088686 5.83303351294 4.77455088686 -3.74351523005 -11.544099424 1.75298957473 -4.99527740189 26.4663707025 26.4663707025 26.4663707025 26.4663707025 -3.90523126624 -3.90523126624 -3.90523126624 -4.05587953213 3.47159534501 -11.0004888677 -7.66782964257 18.565430955 1.18829801808 4.56017407559 -0.613857577678 -9.80546372225 -4.63143206899 -4.63143206899 -3.90523126624 -3.90523126624 -3.90523126624 -3.90523126624 -3.90523126624 1.74782648294 -3.90523126624 1.74782648294 1.74782648294 1.74782648294 3.64974962268 1.74782648294 1.74782648294 1.74782648294 1.74782648294 1.74782648294 -2.0033081265 -2.0033081265 -3.90523126624 -3.90523126624 -2.0033081265 -10.8041465088 -2.18809290104 1.90363784063 -4.99527740189 1.90363784063 3.80556098037 1.90363784063 1.17743703788 10.3690431825 1.17743703788 1.17743703788 1.17743703788 9.28046445188 -3.90523126624 -3.90523126624 -3.90523126624 -3.90523126624 -3.90523126624 -2.0033081265 -4.63143206899 -4.63143206899 -7.4256562605 -5.56956414393 -2.0033081265 -0.862174058419 1.90363784063 0.746473296169 -0.724486101862 8.74552485362 -10.1808666395 -0.724486101862 10.3690431825 9.43019954389 7.2870821698 12.4611138231 12.4611138231 3.62077620583 4.89370642908 -10.8041465088 -10.8041465088 -5.19768808642 3.08349360525 10.795080659 4.27232286906 -5.56956414393 -7.17733977976 -5.56956414393 -2.0033081265 -2.0033081265 -2.0033081265 -10.5484341036 -7.709077722 -0.911421269427 -0.911421269427 2.55858968605 -2.0 -3.90523126624 -3.90523126624 -3.90523126624 -3.90523126624 -3.90523126624 -3.90523126624 -2.0033081265 -4.63143206899 -2.0033081265 -4.63143206899 -2.0033081265 -2.0033081265 -5.72001079956 -4.99380999681 1.84807701618 1.84807701618 -3.97381708013 -3.09188685707 -6.53335520873 -9.80546372225 4.56017407559 -2.18809290104 4.56017407559 4.56017407559 -2.18809290104 -3.90523126624 -3.90523126624 -2.0033081265 -3.90523126624 -4.63143206899 -3.90523126624 18.5665468919 13.3913993017 -0.862174058419 10.6656071444 12.521699261 -2.18809290104 4.12921033388 -5.19768808642 18.565430955 -2.0033081265 -2.0033081265 18.565430955 -0.911421269427 2.55858968605 -0.911421269427 -4.62812394249 5.93046574356 -0.911421269427 -0.911421269427 -2.18809290104 1.18829801808 1.18829801808 4.56017407559 -1.91829225256 4.56017407559 4.56017407559 4.56017407559 4.56017407559 4.56017407559 4.56017407559 2.34715302288 -2.0033081265 -2.0033081265 -2.0033081265 -2.0033081265 -2.0033081265 -3.09188685707 1.90363784063 1.90363784063 1.90363784063 1.90363784063 1.90363784063 1.90363784063 3.64974962268 3.64974962268 3.64974962268 3.64974962268 3.64974962268 3.64974962268 4.56017407559 4.56017407559 4.56017407559 -3.27667163161 -4.99380999681 -2.18809290104 -2.0033081265 -7.17733977976 -2.0033081265 -5.12398664041 -3.09188685707 -2.0033081265
-1.85673138585 4.77455088686 5.83303351294 4.77455088686 -3.74351523005 -11.544099424 1.75298957473 -4.99527740189 26.4663707025 26.4663707025 26.4663707025 26.4663707025 -3.90523126624 -3.90523126624 -3.90523126624 -4.05587953213 3.47159534501 -11.0004888677 -7.66782964257 18.565430955 1.18829801808 4.56017407559 -0.613857577678 -9.80546372225 -4.63143206899 -4.63143206899 -3.90523126624 -3.90523126624 -3.90523126624 -3.90523126624 -3.90523126624 1.74782648294 -3.90523126624 1.74782648294 1.74782648294 1.74782648294 3.64974962268 1.74782648294 1.74782648294 1.74782648294 1.74782648294 1.74782648294 -2.0033081265 -2.0033081265 -3.90523126624 -3.90523126624 -2.0033081265 -10.8041465088 -2.18809290104 1.90363784063 -4.99527740189 1.90363784063 3.80556098037 1.90363784063 1.17743703788 10.3690431825 1.17743703788 1.17743703788 1.17743703788 9.28046445188 -3.90523126624 -3.90523126624 -3.90523126624 -3.90523126624 -3.90523126624 -2.0033081265 -4.63143206899 -4.63143206899 -7.4256562605 -5.56956414393 -2.0033081265 -0.862174058419 1.90363784063 0.746473296169 -0.724486101862 8.74552485362 -10.1808666395 -0.724486101862 10.3690431825 9.43019954389 7.2870821698 12.4611138231 12.4611138231 3.62077620583 4.89370642908 -10.8041465088 -10.8041465088 -5.19768808642 3.08349360525 10.795080659 4.27232286906 -5.56956414393 -7.17733977976 -5.56956414393 -2.0033081265 -2.0033081265 -2.0033081265 -10.5484341036 -7.709077722 -0.911421269427 -0.911421269427 2.55858968605 -2.0 -3.90523126624 -3.90523126624 -3.90523126624 -3.90523126624 -3.90523126624 -3.90523126624 -2.0033081265 -4.63143206899 -2.0033081265 -4.63143206899 -2.0033081265 -2.0033081265 -5.72001079956 -4.99380999681 1.84807701618 1.84807701618 -3.97381708013 -3.09188685707 -6.53335520873 -9.80546372225 4.56017407559 -2.18809290104 4.56017407559 4.56017407559 -2.18809290104 -3.90523126624 -3.90523126624 -2.0033081265 -3.90523126624 -4.63143206899 -3.90523126624 18.5665468919 13.3913993017 -0.862174058419 10.6656071444 12.521699261 -2.18809290104 4.12921033388 -5.19768808642 18.565430955 -2.0033081265 -2.0033081265 18.565430955 -0.911421269427 2.55858968605 -0.911421269427 -4.62812394249 5.93046574356 -0.911421269427 -0.911421269427 -2.18809290104 1.18829801808 1.18829801808 4.56017407559 -1.91829225256 4.56017407559 4.56017407559 4.56017407559 4.56017407559 4.56017407559 4.56017407559 2.34715302288 -2.0033081265 -2.0033081265 -2.0033081265 -2.0033081265 -2.0033081265 -3.09188685707 1.90363784063 1.90363784063 1.90363784063 1.90363784063 1.90363784063 1.90363784063 3.64974962268 3.64974962268 3.64974962268 3.64974962268 3.64974962268 3.64974962268 4.56017407559 4.56017407559 4.56017407559 -3.27667163161 -4.99380999681 -2.18809290104 -2.0033081265 -7.17733977976 -2.0033081265 -5.12398664041 -3.09188685707 -2.0033081265
-1.85673138585 4.77455088686 5.83303351294 4.77455088686 -3.74351523005 -11.544099424 1.75298957473 -4.99527740189 26.4663707025 26.4663707025 26.4663707025 26.4663707025 -3.90523126624 -3.90523126624 -3.90523126624 -4.05587953213 3.47159534501 -11.0004888677 -7.66782964257 18.565430955 1.18829801808 4.56017407559 -0.613857577678 -9.80546372225 -4.63143206899 -4.63143206899 -3.90523126624 -3.90523126624 -3.90523126624 -3.90523126624 -3.90523126624 1.74782648294 -3.90523126624 1.74782648294 1.74782648294 1.74782648294 3.64974962268 1.74782648294 1.74782648294 1.74782648294 1.74782648294 1.74782648294 -2.0033081265 -2.0033081265 -3.90523126624 -3.90523126624 -2.0033081265 -10.8041465088 -2.18809290104 1.90363784063 -4.99527740189 1.90363784063 3.80556098037 1.90363784063 1.17743703788 10.3690431825 1.17743703788 1.17743703788 1.17743703788 9.28046445188 -3.90523126624 -3.90523126624 -3.90523126624 -3.90523126624 -3.90523126624 -2.0033081265 -4.63143206899 -4.63143206899 -7.4256562605 -5.56956414393 -2.0033081265 -0.862174058419 1.90363784063 0.746473296169 -0.724486101862 8.74552485362 -10.1808666395 -0.724486101862 10.3690431825 9.43019954389 7.2870821698 12.4611138231 12.4611138231 3.62077620583 4.89370642908 -10.8041465088 -10.8041465088 -5.19768808642 3.08349360525 10.795080659 4.27232286906 -5.56956414393 -7.17733977976 -5.56956414393 -2.0033081265 -2.0033081265 -2.0033081265 -10.5484341036 -7.709077722 -0.911421269427 -0.911421269427 2.55858968605 -2.0 -3.90523126624 -3.90523126624 -3.90523126624 -3.90523126624 -3.90523126624 -3.90523126624 -2.0033081265 -4.63143206899 -2.0033081265 -4.63143206899 -2.0033081265 -2.0033081265 -5.72001079956 -4.99380999681 1.84807701618 1.84807701618 -3.97381708013 -3.09188685707 -6.53335520873 -9.80546372225 4.56017407559 -2.18809290104 4.56017407559 4.56017407559 -2.18809290104 -3.90523126624 -3.90523126624 -2.0033081265 -3.90523126624 -4.63143206899 -3.90523126624 18.5665468919 13.3913993017 -0.862174058419 10.6656071444 12.521699261 -2.18809290104 4.12921033388 -5.19768808642 18.565430955 -2.0033081265 -2.0033081265 18.565430955 -0.911421269427 2.55858968605 -0.911421269427 -4.62812394249 5.93046574356 -0.911421269427 -0.911421269427 -2.18809290104 1.18829801808 1.18829801808 4.56017407559 -1.91829225256 4.56017407559 4.56017407559 4.56017407559 4.56017407559 4.56017407559 4.56017407559 2.34715302288 -2.0033081265 -2.0033081265 -2.0033081265 -2.0033081265 -2.0033081265 -3.09188685707 1.90363784063 1.90363784063 1.90363784063 1.90363784063 1.90363784063 1.90363784063 3.64974962268 3.64974962268 3.64974962268 3.64974962268 3.64974962268 3.64974962268 4.56017407559 4.56017407559 4.56017407559 -3.27667163161 -4.99380999681 -2.18809290104 -2.0033081265 -7.17733977976 -2.0033081265 -5.12398664041 -3.09188685707 -2.0033081265
-6.93939968997 -2.56956414393 -2.69991078166 -2.56956414393 -0.899326587739 -2.69991078166 0.845729469726 -0.835643941413 -3.90523126624 -3.90523126624 -3.90523126624 -3.90523126624 219.212448409 3.38500996732 -12.9572429933 0.845729469726 -3.33606295735 6.75251577322 -2.56956414393 -3.90523126624 -3.90523126624 -3.90523126624 -4.17733977976 -11.0762550223 -3.90523126624 -10.8041465088 7.70363655618 -0.835643941413 7.70363655618 7.70363655618 7.70363655618 7.70363655618 7.70363655618 -0.835643941413 -0.835643941413 -0.835643941413 -5.58660467738 -5.15427053027 7.70363655618 -5.15427053027 -0.835643941413 -14.1339099757 15.6976219203 7.94454342421 5.0631175613 5.0631175613 18.5710229825 9.82210309805 -5.58660467738 7.70363655618 -0.835643941413 7.70363655618 -2.71320361525 7.70363655618 -10.8041465088 -3.90523126624 -10.8041465088 -10.8041465088 -10.8041465088 -4.99380999681 -14.1339099757 -5.59462947816 -14.1339099757 -14.1339099757 42.445294984 5.03987488088 -10.8041465088 -10.8041465088 3.07422435989 9.24894306532 -7.0318302041 -4.4256562605 3.38500996732 -11.8927252393 -0.387306337332 -0.387306337332 -7.30393871763 -0.387306337332 -3.90523126624 -6.93614554542 -4.17733977976 -3.90523126624 -3.90523126624 0.72124829202 -4.4256562605 -9.90523126623 -5.58660467738 -2.56956414393 -8.56956414393 -4.17733977976 -2.56956414393 -4.25093755507 3.32254084063 -4.25093755507 -2.71320361525 -2.71320361525 -5.58660467738 -7.02590978015 -7.5584294561 -0.911421269427 -9.91142126943 -9.91142126943 -11.0 42.445294984 42.445294984 -0.835643941413 -0.835643941413 -0.835643941413 -0.835643941413 -7.0318302041 -10.8041465088 -5.58660467738 -10.8041465088 -7.0318302041 -5.58660467738 -11.8927252393 12.9541782762 -1.4758850679 9.18186197156 -0.146399469293 -3.80178234582 10.2704407021 -11.0762550223 -3.90523126624 0.72124829202 -3.90523126624 -3.90523126624 0.72124829202 -5.59462947816 3.38500996732 -2.71320361525 3.38500996732 -10.8041465088 7.70363655618 -4.4256562605 -4.17733977976 -4.4256562605 -4.4256562605 -2.56956414393 -9.90523126623 -4.99380999681 -2.56956414393 -3.90523126624 3.62591683536 7.94454342421 6.75251577322 -0.911421269427 -0.911421269427 -0.911421269427 -2.0 -0.911421269427 -0.911421269427 -0.911421269427 -9.90523126623 -3.90523126624 -2.24748422678 -2.24748422678 -11.767513386 -2.24748422678 -3.90523126624 -3.90523126624 -3.90523126624 -3.90523126624 -3.90523126624 -3.90523126624 7.94454342421 5.07114236208 -19.0554565758 -9.90523126623 15.6976219203 -20.1440353064 7.70363655618 -5.15427053027 -5.15427053027 -5.15427053027 3.38500996732 38.1266683951 -5.58660467738 -2.71320361525 -9.90523126623 -5.58660467738 -7.0318302041 5.03987488088 -3.90523126624 -2.24748422678 -2.24748422678 3.95129615031 49.895996751 5.03987488088 -2.71320361525 18.2989144689 7.91327594301 4.8238649103 -20.1440353064 -7.0318302041
-6.93939968997 -2.56956414393 -2.69991078166 -2.56956414393 -0.899326587739 -2.69991078166 -4.77038373656 -6.32401827859 -3.90523126624 -3.90523126624 -3.90523126624 -3.90523126624 3.38500996732 68.8424001657 12.1552969685 10.7880355854 -4.99380999681 -3.90523126624 0.906887977173 -0.428779145133 -0.428779145133 -0.428779145133 -0.700887658656 -34.5998029012 -0.428779145133 33.9686352291 -9.39396420057 9.06675530185 -9.39396420057 5.6917143401 5.6917143401 2.215262219 5.6917143401 -6.32401827859 -6.32401827859 5.59030318074 -5.45886580826 15.5303379302 14.1295836783 15.5303379302 5.59030318074 -5.15427053027 -9.90523126623 -2.58546474613 3.38500996732 3.38500996732 -7.0318302041 -6.32401827859 -1.81476794567 2.215262219 -6.32401827859 14.1295836783 -2.58546474613 14.1295836783 -10.8041465088 -3.90523126624 -10.8041465088 -10.8041465088 -10.8041465088 -4.99380999681 -1.67781840917 -20.1385379116 -1.67781840917 -1.67781840917 -1.67781840917 -6.42877914513 33.9686352291 33.9686352291 6.03187741371 -2.21971096069 52.1273517412 -0.78155839791 13.3250447168 -11.8927252393 5.91090191571 -0.387306337332 2.63609603186 -6.00341954362 -3.90523126624 -6.93614554542 -4.17733977976 -3.90523126624 -3.90523126624 0.0348034832491 -0.949204139397 3.51125560435 -6.42877914513 0.906887977173 5.81683606353 -4.17733977976 0.906887977173 -27.6467465649 -20.887451847 -0.646746564854 0.890987374971 -26.109012625 -1.98241368716 -3.38181191756 -3.91433159351 -0.743775527941 -0.911421269427 -0.911421269427 -2.0 -1.67781840917 -1.67781840917 -2.84756615749 -2.84756615749 9.06675530185 9.06675530185 -16.1689778755 -34.3276943877 -1.98241368716 -34.3276943877 -16.1689778755 -1.98241368716 -35.4162731182 22.9810396972 2.0005670532 -1.4758850679 -10.8041465088 41.0987382612 5.91090191571 -7.43215715969 -0.428779145133 3.51125560435 -0.261133403647 -0.261133403647 3.51125560435 48.1577917052 15.7993948311 42.1873169918 68.8424001657 33.9686352291 5.85936008159 -4.4256562605 -0.53324191717 -0.78155839791 -0.78155839791 1.07453371866 8.12526680381 -1.51735787571 0.906887977173 -0.428779145133 7.35457000335 -2.58546474613 -3.90523126624 -0.911421269427 -0.911421269427 -0.911421269427 -2.0 -0.911421269427 -0.911421269427 -0.911421269427 8.12526680381 -0.261133403647 -3.90523126624 -3.90523126624 -2.767513386 -3.90523126624 -0.261133403647 -0.261133403647 -0.261133403647 -0.261133403647 -0.261133403647 -0.261133403647 -2.58546474613 -5.45886580826 -2.58546474613 7.95762106232 -9.90523126623 -3.67404347671 14.1295836783 3.61601647089 3.61601647089 3.61601647089 12.1552969685 4.78576421921 -5.45886580826 -2.58546474613 4.48116894122 -5.45886580826 7.35457000335 -9.90523126623 -0.261133403647 -3.90523126624 -3.90523126624 -7.34971213422 5.94052909933 -6.26113340364 -26.109012625 -7.30393871763 -30.555378083 -5.70614326005 -3.67404347671 -16.1689778755
