3.3595777772 1.3595777772 1.3595777772 -0.640422222801 3.3595777772 1.3595777772 1.3595777772 -0.640422222801 1.6797888886 -0.3202111114 -0.3202111114 -2.3202111114 1.6797888886 -0.3202111114 -0.3202111114 -2.3202111114 0.0 -2.0 -2.0 -4.0
1.3595777772 3.3595777772 -0.640422222801 1.3595777772 1.3595777772 3.3595777772 -0.640422222801 1.3595777772 -0.3202111114 1.6797888886 -2.3202111114 -0.3202111114 -0.3202111114 1.6797888886 -2.3202111114 -0.3202111114 -2.0 0.0 -4.0 -2.0
1.3595777772 -0.640422222801 3.3595777772 1.3595777772 1.3595777772 -0.640422222801 3.3595777772 1.3595777772 -0.3202111114 -2.3202111114 1.6797888886 -0.3202111114 -0.3202111114 -2.3202111114 1.6797888886 -0.3202111114 -2.0 -4.0 0.0 -2.0
-0.640422222801 1.3595777772 1.3595777772 3.3595777772 -0.640422222801 1.3595777772 1.3595777772 3.3595777772 -2.3202111114 -0.3202111114 -0.3202111114 1.6797888886 -2.3202111114 -0.3202111114 -0.3202111114 1.6797888886 -4.0 -2.0 -2.0 0.0
3.3595777772 1.3595777772 1.3595777772 -0.640422222801 3.3595777772 1.3595777772 1.3595777772 -0.640422222801 1.6797888886 -0.3202111114 -0.3202111114 -2.3202111114 1.6797888886 -0.3202111114 -0.3202111114 -2.3202111114 0.0 -2.0 -2.0 -4.0
1.3595777772 3.3595777772 -0.640422222801 1.3595777772 1.3595777772 3.3595777772 -0.640422222801 1.3595777772 -0.3202111114 1.6797888886 -2.3202111114 -0.3202111114 -0.3202111114 1.6797888886 -2.3202111114 -0.3202111114 -2.0 0.0 -4.0 -2.0
1.3595777772 -0.640422222801 3.3595777772 1.3595777772 1.3595777772 -0.640422222801 3.3595777772 1.3595777772 -0.3202111114 -2.3202111114 1.6797888886 -0.3202111114 -0.3202111114 -2.3202111114 1.6797888886 -0.3202111114 -2.0 -4.0 0.0 -2.0
-0.640422222801 1.3595777772 1.3595777772 3.3595777772 -0.640422222801 1.3595777772 1.3595777772 3.3595777772 -2.3202111114 -0.3202111114 -0.3202111114 1.6797888886 -2.3202111114 -0.3202111114 -0.3202111114 1.6797888886 -4.0 -2.0 -2.0 0.0
1.6797888886 -0.3202111114 -0.3202111114 -2.3202111114 1.6797888886 -0.3202111114 -0.3202111114 -2.3202111114 4.15083382148 2.15083382148 2.15083382148 0.150833821476 0.0 -2.0 -2.0 -4.0 2.47104493288 0.471044932876 0.471044932876 -1.52895506712
-0.3202111114 1.6797888886 -2.3202111114 -0.3202111114 -0.3202111114 1.6797888886 -2.3202111114 -0.3202111114 2.15083382148 4.15083382148 0.150833821476 2.15083382148 -2.0 0.0 -4.0 -2.0 0.471044932876 2.47104493288 -1.52895506712 0.471044932876
-0.3202111114 -2.3202111114 1.6797888886 -0.3202111114 -0.3202111114 -2.3202111114 1.6797888886 -0.3202111114 2.15083382148 0.150833821476 4.15083382148 2.15083382148 -2.0 -4.0 0.0 -2.0 0.471044932876 -1.52895506712 2.47104493288 0.471044932876
-2.3202111114 -0.3202111114 -0.3202111114 1.6797888886 -2.3202111114 -0.3202111114 -0.3202111114 1.6797888886 0.150833821476 2.15083382148 2.15083382148 4.15083382148 -4.0 -2.0 -2.0 0.0 -1.52895506712 0.471044932876 0.471044932876 2.47104493288
1.6797888886 -0.3202111114 -0.3202111114 -2.3202111114 1.6797888886 -0.3202111114 -0.3202111114 -2.3202111114 0.0 -2.0 -2.0 -4.0 4.15083382148 2.15083382148 2.15083382148 0.150833821476 2.47104493288 0.471044932876 0.471044932876 -1.52895506712
-0.3202111114 1.6797888886 -2.3202111114 -0.3202111114 -0.3202111114 1.6797888886 -2.3202111114 -0.3202111114 -2.0 0.0 -4.0 -2.0 2.15083382148 4.15083382148 0.150833821476 2.15083382148 0.471044932876 2.47104493288 -1.52895506712 0.471044932876
-0.3202111114 -2.3202111114 1.6797888886 -0.3202111114 -0.3202111114 -2.3202111114 1.6797888886 -0.3202111114 -2.0 -4.0 0.0 -2.0 2.15083382148 0.150833821476 4.15083382148 2.15083382148 0.471044932876 -1.52895506712 2.47104493288 0.471044932876
-2.3202111114 -0.3202111114 -0.3202111114 1.6797888886 -2.3202111114 -0.3202111114 -0.3202111114 1.6797888886 -4.0 -2.0 -2.0 0.0 0.150833821476 2.15083382148 2.15083382148 4.15083382148 -1.52895506712 0.471044932876 0.471044932876 2.47104493288
0.0 -2.0 -2.0 -4.0 0.0 -2.0 -2.0 -4.0 2.47104493288 0.471044932876 0.471044932876 -1.52895506712 2.47104493288 0.471044932876 0.471044932876 -1.52895506712 4.94208986575 2.94208986575 2.94208986575 0.942089865753
-2.0 0.0 -4.0 -2.0 -2.0 0.0 -4.0 -2.0 0.471044932876 2.47104493288 -1.52895506712 0.471044932876 0.471044932876 2.47104493288 -1.52895506712 0.471044932876 2.94208986575 4.94208986575 0.942089865753 2.94208986575
-2.0 -4.0 0.0 -2.0 -2.0 -4.0 0.0 -2.0 0.471044932876 -1.52895506712 2.47104493288 0.471044932876 0.471044932876 -1.52895506712 2.47104493288 0.471044932876 2.94208986575 0.942089865753 4.94208986575 2.94208986575
-4.0 -2.0 -2.0 0.0 -4.0 -2.0 -2.0 0.0 -1.52895506712 0.471044932876 0.471044932876 2.47104493288 -1.52895506712 0.471044932876 0.471044932876 2.47104493288 0.942089865753 2.94208986575 2.94208986575 4.94208986575
