186.544666208 6.75072363736 1.87902069433 3.79778476835 2.92356448584 0.711170046334 4.10178413036 -0.0293743831652 -2.24176882267 2.61956512383 4.83195956333 -133.102120428 2.61956512383 1.87902069433 6.01017920786 3.79778476835 -0.333373745173 1.87902069433 -0.333373745173 0.711170046334 1.88938969086 -0.0293743831652 -2.24176882267 -2.24176882267 4.10178413036 1.88938969086 4.83195956333 4.83195956333 1.87902069433 1.87902069433 -0.333373745173 -0.333373745173 6.01017920786 1.87902069433 -0.333373745173 0.711170046334 -2.24176882267 -2.24176882267 1.88938969086 -0.0293743831652 -2.24176882267 -0.0293743831652 -0.0293743831652 -0.0293743831652 -2.24176882267 6.20488689953 3.99249246002 -0.879210483 -3.0916049225 -3.0916049225 3.25194803053 -0.879210483 -3.0916049225 -0.879210483 -2.047061131 4.29649182203 -2.047061131 1.34355295303 -5.0 -5.0 -2.7876055605 2.073728386 -0.138666053502 6.20488689953 1.03955359102 -0.879210483 -3.0916049225 -3.0916049225 1.03955359102 -3.0916049225 0.165333308506 2.08409738253 0.165333308506 -2.047061131 -2.7876055605 -2.7876055605 2.073728386 -0.879210483 3.25194803053 -3.0916049225 3.25194803053 -3.0916049225 2.08409738253 -2.7876055605 -5.0 -2.7876055605 -0.868841486474 2.073728386 -0.138666053502 -0.879210483 -3.0916049225 -3.0916049225 0.165333308506 -2.047061131 -5.0 -0.868841486474 -5.0 2.073728386 -0.138666053502 -3.0916049225 -3.0916049225 0.165333308506 -2.047061131 2.08409738253 -2.7876055605 -2.7876055605 -2.7876055605 2.073728386 2.073728386 -0.138666053502 1.03955359102 -3.0916049225 -3.0916049225 -0.879210483 -3.0916049225 -3.0916049225 0.165333308506 2.08409738253 0.165333308506 -2.047061131 -5.0 -5.0 -0.868841486474 -5.0
6.75072363736 67.1642419653 -0.333373745173 5.62259884488 0.711170046334 2.53598412286 1.88938969086 -2.24176882267 -0.416954746147 4.44437920035 2.61956512383 6.75072363736 4.44437920035 -0.333373745173 3.79778476835 5.62259884488 1.49144033135 -0.333373745173 1.49144033135 2.53598412286 3.71420376738 -2.24176882267 -0.416954746147 -0.416954746147 1.88938969086 3.71420376738 2.61956512383 2.61956512383 -0.333373745173 -0.333373745173 1.49144033135 1.49144033135 3.79778476835 -0.333373745173 1.49144033135 2.53598412286 -0.416954746147 -0.416954746147 3.71420376738 -2.24176882267 -0.416954746147 -2.24176882267 -2.24176882267 -2.24176882267 -0.416954746147 3.99249246002 5.81730653655 -3.0916049225 -1.26679084598 -1.26679084598 1.03955359102 -3.0916049225 -1.26679084598 -3.0916049225 -0.222247054475 2.08409738253 -0.222247054475 -0.868841486474 -3.17518592348 -3.17518592348 -5.0 -0.138666053502 1.68614802302 3.99249246002 2.86436766754 -3.0916049225 -1.26679084598 -1.26679084598 2.86436766754 -1.26679084598 -2.047061131 3.90891145905 -2.047061131 -0.222247054475 -5.0 -5.0 -0.138666053502 -3.0916049225 1.03955359102 -1.26679084598 1.03955359102 -1.26679084598 3.90891145905 -5.0 -3.17518592348 -5.0 0.955972590048 -0.138666053502 1.68614802302 -3.0916049225 -1.26679084598 -1.26679084598 -2.047061131 -0.222247054475 -3.17518592348 0.955972590048 -3.17518592348 -0.138666053502 1.68614802302 -1.26679084598 -1.26679084598 -2.047061131 -0.222247054475 3.90891145905 -5.0 -5.0 -5.0 -0.138666053502 -0.138666053502 1.68614802302 2.86436766754 -1.26679084598 -1.26679084598 -3.0916049225 -1.26679084598 -1.26679084598 -2.047061131 3.90891145905 -2.047061131 -0.222247054475 -3.17518592348 -3.17518592348 0.955972590048 -3.17518592348
1.87902069433 -0.333373745173 176.754728089 2.55167844671 3.9706250444 1.7582306049 -0.0293743831652 -0.0293743831652 0.643283369212 -0.333373745173 5.8790201219 1.87902069433 -0.333373745173 1.87902069433 1.87902069433 -0.333373745173 -0.333373745173 -125.628452306 2.55167844671 1.7582306049 -2.24176882267 -0.0293743831652 -2.24176882267 4.64328279678 2.85567780872 0.643283369212 5.8790201219 1.87902069433 5.8790201219 1.87902069433 2.55167844671 6.55167787428 4.76407288621 4.76407288621 2.55167844671 1.7582306049 -2.24176882267 1.7582306049 -2.24176882267 -0.0293743831652 -2.24176882267 2.85567780872 6.85567723628 2.85567780872 0.643283369212 -0.879210483 -3.0916049225 -0.879210483 -3.0916049225 0.908394505064 -0.879210483 -0.879210483 -3.0916049225 2.00584170888 -1.00000057243 -2.7876055605 -5.0 -2.7876055605 -5.0 1.88505161945 0.0974466313849 3.12078894457 0.908394505064 -0.879210483 -3.0916049225 2.00584170888 -0.206552730623 3.79344669695 -0.206552730623 -0.206552730623 -2.7876055605 -5.0 -2.7876055605 -5.0 1.21239386707 0.0974466313849 -0.879210483 -0.879210483 -0.879210483 -0.206552730623 2.00584170888 -0.206552730623 -5.0 -2.7876055605 -5.0 1.21239386707 -2.11494780812 -0.879210483 -3.0916049225 -0.879210483 0.908394505064 3.79344669695 -2.7876055605 -1.00000057243 -1.00000057243 -5.0 1.88505161945 -0.879210483 -3.0916049225 -3.0916049225 -3.0916049225 -2.7876055605 -5.0 -5.0 0.0974466313849 4.09744605895 0.0974466313849 -0.879210483 3.12078894457 -3.0916049225 -3.0916049225 -3.0916049225 -0.206552730623 6.00584113645 3.79344669695 -0.206552730623 -2.7876055605 -5.0 -2.7876055605 -5.0 -2.11494780812 1.88505161945 -2.11494780812 -2.11494780812
3.79778476835 5.62259884488 2.55167844671 65.7494285061 -2.24176882267 -0.416954746147 1.88938969086 -2.24176882267 2.46809744573 1.49144033135 -0.333373745173 3.79778476835 1.49144033135 -0.333373745173 3.79778476835 5.62259884488 1.49144033135 2.55167844671 4.37649252323 -0.416954746147 3.71420376738 -2.24176882267 -0.416954746147 2.46809744573 4.77444188274 6.59925595926 -0.333373745173 -0.333373745173 -0.333373745173 -0.333373745173 4.37649252323 4.37649252323 6.68283696023 2.55167844671 4.37649252323 -0.416954746147 -0.416954746147 -0.416954746147 3.71420376738 -2.24176882267 -0.416954746147 0.643283369212 0.643283369212 0.643283369212 2.46809744573 1.03955359102 2.86436766754 -3.0916049225 -1.26679084598 -1.26679084598 1.03955359102 -3.0916049225 -1.26679084598 -0.206552730623 -3.17518592348 -0.868841486474 -3.17518592348 -0.868841486474 -3.17518592348 -0.290133731596 -2.11494780812 -3.0916049225 -1.26679084598 1.03955359102 2.86436766754 -0.206552730623 1.6182613459 1.6182613459 5.74941985943 1.6182613459 -5.0 0.955972590048 -5.0 -3.17518592348 -5.0 -2.11494780812 -3.0916049225 -3.0916049225 1.03955359102 1.6182613459 3.9246057829 1.6182613459 0.955972590048 -5.0 -3.17518592348 -5.0 3.84102478193 -3.0916049225 -1.26679084598 -3.0916049225 -1.26679084598 1.6182613459 -5.0 -3.17518592348 -3.17518592348 0.955972590048 -0.290133731596 -3.0916049225 -1.26679084598 -1.26679084598 -1.26679084598 -5.0 -3.17518592348 0.955972590048 -2.11494780812 -2.11494780812 -2.11494780812 -3.0916049225 -3.0916049225 -1.26679084598 2.86436766754 -1.26679084598 1.6182613459 -0.206552730623 1.6182613459 1.6182613459 -5.0 0.955972590048 -5.0 -3.17518592348 -0.290133731596 -0.290133731596 3.84102478193 -0.290133731596
2.92356448584 0.711170046334 3.9706250444 -2.24176882267 84.7375236936 6.81201207507 2.071468218 2.071468218 -0.1409262215 0.711170046334 6.92356391341 2.92356448584 0.711170046334 -0.0293743831652 -0.0293743831652 -2.24176882267 -2.24176882267 3.9706250444 -2.24176882267 6.81201207507 -0.1409262215 2.071468218 -0.1409262215 3.85907320607 2.071468218 -0.1409262215 6.92356391341 2.92356448584 3.9706250444 -0.0293743831652 -2.24176882267 1.7582306049 -0.0293743831652 -0.0293743831652 -2.24176882267 6.81201207507 -0.1409262215 3.85907320607 -0.1409262215 2.071468218 -0.1409262215 2.071468218 6.07146764557 2.071468218 -0.1409262215 0.165333308506 -2.047061131 -2.7876055605 -5.0 -1.00000057243 -2.7876055605 -2.7876055605 -5.0 -2.7876055605 4.05378089774 2.26617590968 0.0537814701719 -0.686762959327 -2.89915739883 1.10084202874 -0.686762959327 4.16533273607 1.95293829657 0.165333308506 -5.0 -2.7876055605 -5.0 -1.00000057243 -5.0 -5.0 2.26617590968 0.0537814701719 2.26617590968 0.0537814701719 3.31323646824 -0.686762959327 0.165333308506 -2.7876055605 -2.7876055605 -5.0 -2.7876055605 -5.0 0.0537814701719 -0.686762959327 -2.89915739883 3.31323646824 -2.89915739883 0.165333308506 -2.047061131 -2.7876055605 -1.00000057243 -1.00000057243 2.26617590968 4.05378089774 1.10084202874 -2.89915739883 1.10084202874 0.165333308506 -2.047061131 -5.0 -5.0 2.26617590968 0.0537814701719 0.0537814701719 -0.686762959327 3.31323646824 -0.686762959327 0.165333308506 4.16533273607 -2.047061131 -5.0 -5.0 -5.0 1.21239386707 -1.00000057243 -5.0 2.26617590968 0.0537814701719 2.26617590968 0.0537814701719 -2.89915739883 1.10084202874 -2.89915739883 -2.89915739883
0.711170046334 2.53598412286 1.7582306049 -0.416954746147 6.81201207507 258.433805459 -0.1409262215 -0.1409262215 1.68388785502 2.53598412286 4.7111694739 0.711170046334 2.53598412286 -2.24176882267 -2.24176882267 -0.416954746147 -0.416954746147 1.7582306049 -0.416954746147 -116.261663502 1.68388785502 -0.1409262215 1.68388785502 5.68388728259 -0.1409262215 1.68388785502 4.7111694739 0.711170046334 1.7582306049 -2.24176882267 -0.416954746147 3.58304468142 -2.24176882267 -2.24176882267 -0.416954746147 -116.261663502 1.68388785502 5.68388728259 1.68388785502 -0.1409262215 1.68388785502 -0.1409262215 3.85907320607 -0.1409262215 1.68388785502 -2.047061131 -0.222247054475 -5.0 -3.17518592348 0.82481350409 -5.0 -5.0 -3.17518592348 -5.0 5.87859497426 0.0537814701719 1.87859554669 -2.89915739883 -1.07434332231 2.92565610526 -2.89915739883 1.95293829657 3.77775237309 -2.047061131 -3.17518592348 -5.0 -3.17518592348 0.82481350409 -3.17518592348 -3.17518592348 0.0537814701719 1.87859554669 0.0537814701719 1.87859554669 1.10084202874 -2.89915739883 -2.047061131 -5.0 -5.0 -3.17518592348 -5.0 -3.17518592348 1.87859554669 -2.89915739883 -1.07434332231 1.10084202874 -1.07434332231 -2.047061131 -0.222247054475 -5.0 0.82481350409 0.82481350409 0.0537814701719 5.87859497426 2.92565610526 -1.07434332231 2.92565610526 -2.047061131 -0.222247054475 -3.17518592348 -3.17518592348 0.0537814701719 1.87859554669 1.87859554669 -2.89915739883 1.10084202874 -2.89915739883 -2.047061131 1.95293829657 -0.222247054475 -3.17518592348 -3.17518592348 -3.17518592348 -1.00000057243 0.82481350409 -3.17518592348 0.0537814701719 1.87859554669 0.0537814701719 1.87859554669 -1.07434332231 2.92565610526 -1.07434332231 -1.07434332231
4.10178413036 1.88938969086 -0.0293743831652 1.88938969086 2.071468218 -0.1409262215 93.5148068291 5.24869248196 -0.1409262215 -2.24176882267 -0.0293743831652 4.10178413036 -2.24176882267 3.14784988079 7.27900839432 5.06661395481 0.935455441288 -0.0293743831652 -2.24176882267 -0.1409262215 7.16745655598 5.24869248196 3.03629804246 -0.1409262215 6.20262673153 3.99023229203 -0.0293743831652 -0.0293743831652 3.14784988079 3.14784988079 -2.24176882267 -2.24176882267 4.10178413036 -0.0293743831652 -2.24176882267 -0.1409262215 3.03629804246 3.03629804246 7.16745655598 5.24869248196 3.03629804246 2.071468218 2.071468218 2.071468218 -0.1409262215 1.34355295303 -0.868841486474 0.389618703461 -1.82277573604 -1.82277573604 4.52077721699 0.389618703461 -1.82277573604 -2.7876055605 -2.89915739883 3.4443955542 -2.89915739883 6.62161981816 0.278066865126 -2.89915739883 -0.686762959327 -2.7876055605 -5.0 1.34355295303 2.30838277748 -2.7876055605 -5.0 -5.0 -0.868841486474 -5.0 -0.686762959327 1.2320011147 -0.686762959327 -2.89915739883 2.49046130463 -0.686762959327 -2.7876055605 0.389618703461 4.52077721699 -5.0 1.34355295303 -5.0 1.2320011147 2.49046130463 0.278066865126 2.49046130463 1.2320011147 -2.7876055605 -5.0 0.389618703461 -1.82277573604 -5.0 -0.686762959327 -2.89915739883 0.278066865126 4.40922537865 -2.89915739883 -2.7876055605 -5.0 -1.82277573604 -1.82277573604 -0.686762959327 -2.89915739883 1.2320011147 -0.686762959327 -0.686762959327 -0.686762959327 -2.7876055605 -2.7876055605 -5.0 2.30838277748 -1.82277573604 -5.0 -2.7876055605 -5.0 -5.0 -0.686762959327 1.2320011147 -0.686762959327 -2.89915739883 -2.89915739883 -2.89915739883 1.2320011147 -2.89915739883
-0.0293743831652 -2.24176882267 -0.0293743831652 -2.24176882267 2.071468218 -0.1409262215 5.24869248196 306.418642343 -0.1409262215 -2.24176882267 -0.0293743831652 -0.0293743831652 1.41037905218 3.14784988079 3.14784988079 0.935455441288 4.58760331614 -0.0293743831652 1.41037905218 -0.1409262215 3.03629804246 -139.858060636 6.68844591731 -0.1409262215 2.071468218 -0.1409262215 -0.0293743831652 3.62277349168 3.14784988079 6.79999775564 -2.24176882267 -2.24176882267 -0.0293743831652 3.62277349168 1.41037905218 -0.1409262215 3.03629804246 3.03629804246 3.03629804246 -139.858060636 6.68844591731 2.071468218 2.071468218 5.72361609285 3.51122165335 -2.7876055605 -5.0 0.389618703461 -1.82277573604 -1.82277573604 0.389618703461 4.04176657831 1.82937213881 0.864542314352 -2.89915739883 -0.686762959327 0.752990476018 2.49046130463 3.93021473998 -2.89915739883 2.96538491552 -2.7876055605 -5.0 -2.7876055605 -1.82277573604 -2.7876055605 -5.0 -5.0 -5.0 -1.34785212515 -0.686762959327 -2.89915739883 2.96538491552 0.752990476018 2.49046130463 2.96538491552 -2.7876055605 0.389618703461 0.389618703461 -5.0 -2.7876055605 -1.34785212515 -2.89915739883 2.49046130463 0.278066865126 2.49046130463 -2.89915739883 -2.7876055605 -5.0 0.389618703461 -1.82277573604 -5.0 -0.686762959327 -2.89915739883 0.278066865126 0.278066865126 -2.89915739883 -2.7876055605 -1.34785212515 -1.82277573604 1.82937213881 -0.686762959327 -2.89915739883 -2.89915739883 -0.686762959327 -0.686762959327 2.96538491552 -2.7876055605 -2.7876055605 -1.34785212515 -1.82277573604 1.82937213881 -5.0 -2.7876055605 -5.0 -1.34785212515 -0.686762959327 -2.89915739883 2.96538491552 0.752990476018 -2.89915739883 -2.89915739883 -2.89915739883 0.752990476018
-2.24176882267 -0.416954746147 0.643283369212 2.46809744573 -0.1409262215 1.68388785502 -0.1409262215 -0.1409262215 73.9906135986 3.8542562313 -2.24176882267 -2.24176882267 -0.416954746147 2.02944215477 -2.24176882267 -0.416954746147 -0.416954746147 0.643283369212 2.46809744573 1.68388785502 1.68388785502 -0.1409262215 1.68388785502 4.5689400469 2.74412597038 4.5689400469 -2.24176882267 -2.24176882267 -2.24176882267 -2.24176882267 6.73930842318 2.46809744573 0.643283369212 0.643283369212 2.46809744573 1.68388785502 5.95509883247 1.68388785502 1.68388785502 -0.1409262215 1.68388785502 7.01533694783 2.74412597038 2.74412597038 4.5689400469 -5.0 -3.17518592348 -0.728789022557 1.09602505397 -3.17518592348 -5.0 -5.0 -3.17518592348 -2.11494780812 -1.07434332231 -2.89915739883 -1.07434332231 -2.89915739883 -1.07434332231 1.81070886957 -0.0141052069494 -5.0 -3.17518592348 -5.0 -3.17518592348 2.15626316932 3.98107724585 -0.290133731596 -0.290133731596 -0.290133731596 1.37205357861 -1.07434332231 -2.89915739883 -1.07434332231 -2.89915739883 -0.0141052069494 -0.728789022557 -0.728789022557 -5.0 3.98107724585 -2.11494780812 -0.290133731596 -1.07434332231 1.37205357861 3.19686765514 -2.89915739883 1.81070886957 -0.728789022557 1.09602505397 -0.728789022557 -3.17518592348 -0.290133731596 1.37205357861 -1.07434332231 -1.07434332231 -1.07434332231 1.81070886957 -0.728789022557 -3.17518592348 1.09602505397 -3.17518592348 1.37205357861 3.19686765514 -1.07434332231 4.25710577049 -0.0141052069494 -0.0141052069494 -0.728789022557 -5.0 -3.17518592348 -3.17518592348 -3.17518592348 3.98107724585 -2.11494780812 -0.290133731596 -0.290133731596 1.37205357861 -1.07434332231 -2.89915739883 -1.07434332231 6.08191984702 1.81070886957 1.81070886957 1.81070886957
2.61956512383 4.44437920035 -0.333373745173 1.49144033135 0.711170046334 2.53598412286 -2.24176882267 -2.24176882267 3.8542562313 69.2905392952 2.61956512383 2.61956512383 4.44437920035 3.93783723227 -0.333373745173 1.49144033135 1.49144033135 -0.333373745173 1.49144033135 2.53598412286 -0.416954746147 -2.24176882267 -0.416954746147 -0.416954746147 -2.24176882267 -0.416954746147 2.61956512383 2.61956512383 -0.333373745173 -0.333373745173 5.76265130879 1.49144033135 -0.333373745173 -0.333373745173 1.49144033135 2.53598412286 3.8542562313 -0.416954746147 -0.416954746147 -2.24176882267 -0.416954746147 2.02944215477 -2.24176882267 -2.24176882267 -0.416954746147 -0.138666053502 1.68614802302 1.17960605494 3.00442013146 -1.26679084598 -3.0916049225 -3.0916049225 -1.26679084598 -3.0916049225 -0.222247054475 -2.047061131 -0.222247054475 -5.0 -3.17518592348 -3.17518592348 -5.0 -0.138666053502 1.68614802302 -0.138666053502 -1.26679084598 1.17960605494 3.00442013146 -1.26679084598 -1.26679084598 -1.26679084598 2.22414984645 -0.222247054475 -2.047061131 -0.222247054475 -5.0 -5.0 4.13254492394 1.17960605494 -3.0916049225 3.00442013146 -3.0916049225 -1.26679084598 -0.222247054475 -0.728789022557 1.09602505397 -5.0 -3.17518592348 4.13254492394 5.95735900046 1.17960605494 -1.26679084598 -1.26679084598 2.22414984645 -0.222247054475 -3.17518592348 -3.17518592348 -3.17518592348 4.13254492394 1.68614802302 3.00442013146 -1.26679084598 2.22414984645 4.04896392297 -0.222247054475 -0.728789022557 -5.0 -5.0 4.13254492394 -0.138666053502 1.68614802302 -1.26679084598 -1.26679084598 3.00442013146 -3.0916049225 -1.26679084598 -1.26679084598 2.22414984645 -0.222247054475 -2.047061131 -0.222247054475 1.09602505397 -3.17518592348 -3.17518592348 -3.17518592348
4.83195956333 2.61956512383 5.8790201219 -0.333373745173 6.92356391341 4.7111694739 -0.0293743831652 -0.0293743831652 -2.24176882267 2.61956512383 180.77551636 4.83195956333 2.61956512383 1.87902069433 1.87902069433 -0.333373745173 -0.333373745173 5.8790201219 -0.333373745173 4.7111694739 -2.24176882267 -0.0293743831652 -2.24176882267 1.7582306049 -0.0293743831652 -2.24176882267 -128.722886904 4.83195956333 5.8790201219 1.87902069433 -0.333373745173 3.6666256824 1.87902069433 1.87902069433 -0.333373745173 4.7111694739 -2.24176882267 1.7582306049 -2.24176882267 -0.0293743831652 -2.24176882267 -0.0293743831652 3.9706250444 -0.0293743831652 -2.24176882267 2.073728386 -0.138666053502 -0.879210483 -3.0916049225 0.908394505064 -0.879210483 -0.879210483 -3.0916049225 -0.879210483 1.95293829657 0.165333308506 -2.047061131 -2.7876055605 -5.0 -1.00000057243 -2.7876055605 6.07372781357 3.86133337407 2.073728386 -3.0916049225 -0.879210483 -3.0916049225 0.908394505064 -3.0916049225 -3.0916049225 0.165333308506 -2.047061131 0.165333308506 -2.047061131 1.21239386707 -2.7876055605 2.073728386 -0.879210483 -0.879210483 -3.0916049225 -0.879210483 -3.0916049225 -2.047061131 -2.7876055605 -5.0 1.21239386707 -5.0 2.073728386 -0.138666053502 -0.879210483 0.908394505064 0.908394505064 0.165333308506 1.95293829657 -1.00000057243 -5.0 -1.00000057243 2.073728386 -0.138666053502 -3.0916049225 -3.0916049225 0.165333308506 -2.047061131 -2.047061131 -2.7876055605 1.21239386707 -2.7876055605 2.073728386 6.07372781357 -0.138666053502 -3.0916049225 -3.0916049225 -3.0916049225 3.12078894457 0.908394505064 -3.0916049225 0.165333308506 -2.047061131 0.165333308506 -2.047061131 -5.0 -1.00000057243 -5.0 -5.0
-133.102120428 6.75072363736 1.87902069433 3.79778476835 2.92356448584 0.711170046334 4.10178413036 -0.0293743831652 -2.24176882267 2.61956512383 4.83195956333 186.544666208 2.61956512383 1.87902069433 6.01017920786 3.79778476835 -0.333373745173 1.87902069433 -0.333373745173 0.711170046334 1.88938969086 -0.0293743831652 -2.24176882267 -2.24176882267 4.10178413036 1.88938969086 4.83195956333 4.83195956333 1.87902069433 1.87902069433 -0.333373745173 -0.333373745173 6.01017920786 1.87902069433 -0.333373745173 0.711170046334 -2.24176882267 -2.24176882267 1.88938969086 -0.0293743831652 -2.24176882267 -0.0293743831652 -0.0293743831652 -0.0293743831652 -2.24176882267 6.20488689953 3.99249246002 -0.879210483 -3.0916049225 -3.0916049225 3.25194803053 -0.879210483 -3.0916049225 -0.879210483 -2.047061131 4.29649182203 -2.047061131 1.34355295303 -5.0 -5.0 -2.7876055605 2.073728386 -0.138666053502 6.20488689953 1.03955359102 -0.879210483 -3.0916049225 -3.0916049225 1.03955359102 -3.0916049225 0.165333308506 2.08409738253 0.165333308506 -2.047061131 -2.7876055605 -2.7876055605 2.073728386 -0.879210483 3.25194803053 -3.0916049225 3.25194803053 -3.0916049225 2.08409738253 -2.7876055605 -5.0 -2.7876055605 -0.868841486474 2.073728386 -0.138666053502 -0.879210483 -3.0916049225 -3.0916049225 0.165333308506 -2.047061131 -5.0 -0.868841486474 -5.0 2.073728386 -0.138666053502 -3.0916049225 -3.0916049225 0.165333308506 -2.047061131 2.08409738253 -2.7876055605 -2.7876055605 -2.7876055605 2.073728386 2.073728386 -0.138666053502 1.03955359102 -3.0916049225 -3.0916049225 -0.879210483 -3.0916049225 -3.0916049225 0.165333308506 2.08409738253 0.165333308506 -2.047061131 -5.0 -5.0 -0.868841486474 -5.0
2.61956512383 4.44437920035 -0.333373745173 1.49144033135 0.711170046334 2.53598412286 -2.24176882267 1.41037905218 -0.416954746147 4.44437920035 2.61956512383 2.61956512383 59.8918312305 -0.333373745173 -0.333373745173 1.49144033135 5.1435882062 -0.333373745173 5.1435882062 2.53598412286 -0.416954746147 1.41037905218 3.2351931287 -0.416954746147 -2.24176882267 -0.416954746147 2.61956512383 6.27171299868 -0.333373745173 3.31877412968 1.49144033135 1.49144033135 -0.333373745173 3.31877412968 5.1435882062 2.53598412286 -0.416954746147 -0.416954746147 -0.416954746147 1.41037905218 3.2351931287 -2.24176882267 -2.24176882267 1.41037905218 3.2351931287 -0.138666053502 1.68614802302 -3.0916049225 -1.26679084598 -1.26679084598 -3.0916049225 0.560542952345 2.38535702887 0.560542952345 -0.222247054475 -2.047061131 3.42990082037 -5.0 0.476961951371 -3.17518592348 -1.34785212515 -0.138666053502 1.68614802302 -0.138666053502 -1.26679084598 -3.0916049225 -1.26679084598 -1.26679084598 -1.26679084598 2.38535702887 -2.047061131 -0.222247054475 1.60508674385 3.42990082037 -5.0 -1.34785212515 -0.138666053502 -3.0916049225 -3.0916049225 -1.26679084598 -3.0916049225 2.38535702887 -0.222247054475 -5.0 -3.17518592348 -5.0 -3.17518592348 -0.138666053502 1.68614802302 -3.0916049225 -1.26679084598 -1.26679084598 -2.047061131 -0.222247054475 -3.17518592348 -3.17518592348 -3.17518592348 -0.138666053502 5.33829589787 -1.26679084598 2.38535702887 -2.047061131 -0.222247054475 -0.222247054475 -5.0 -5.0 -1.34785212515 -0.138666053502 -0.138666053502 5.33829589787 -1.26679084598 2.38535702887 -1.26679084598 -3.0916049225 -1.26679084598 2.38535702887 -2.047061131 -0.222247054475 1.60508674385 3.42990082037 -3.17518592348 -3.17518592348 -3.17518592348 0.476961951371
1.87902069433 -0.333373745173 1.87902069433 -0.333373745173 -0.0293743831652 -2.24176882267 3.14784988079 3.14784988079 2.02944215477 3.93783723227 1.87902069433 1.87902069433 -0.333373745173 88.3462519158 5.05624495829 2.84385051878 2.84385051878 1.87902069433 -0.333373745173 -2.24176882267 0.935455441288 3.14784988079 0.935455441288 -2.24176882267 -0.0293743831652 -2.24176882267 1.87902069433 1.87902069433 5.05624495829 5.05624495829 3.93783723227 -0.333373745173 1.87902069433 1.87902069433 -0.333373745173 -2.24176882267 5.20666641873 0.935455441288 0.935455441288 3.14784988079 0.935455441288 4.24183659428 -0.0293743831652 -0.0293743831652 -2.24176882267 -0.879210483 -3.0916049225 6.5692247584 4.3568303189 0.0856193414529 2.29801378096 2.29801378096 0.0856193414529 -0.879210483 -5.0 -2.7876055605 -5.0 0.389618703461 -1.82277573604 -5.0 -2.7876055605 -0.879210483 -3.0916049225 -0.879210483 0.0856193414529 3.39200049444 1.17960605494 -3.0916049225 -3.0916049225 -3.0916049225 1.48360541695 -5.0 -2.7876055605 -5.0 0.389618703461 -2.7876055605 3.39200049444 6.5692247584 2.29801378096 1.17960605494 -0.879210483 -3.0916049225 -5.0 4.6608296809 2.4484352414 0.389618703461 -5.0 3.39200049444 1.17960605494 6.5692247584 0.0856193414529 -3.0916049225 1.48360541695 -5.0 -1.82277573604 -1.82277573604 -5.0 3.39200049444 -3.0916049225 4.3568303189 0.0856193414529 1.48360541695 -0.728789022557 -5.0 1.48360541695 -2.7876055605 -2.7876055605 3.39200049444 -0.879210483 -3.0916049225 0.0856193414529 0.0856193414529 1.17960605494 -0.879210483 -3.0916049225 -3.0916049225 1.48360541695 -5.0 -2.7876055605 -5.0 -0.728789022557 -5.0 -5.0 -5.0
6.01017920786 3.79778476835 1.87902069433 3.79778476835 -0.0293743831652 -2.24176882267 7.27900839432 3.14784988079 -2.24176882267 -0.333373745173 1.87902069433 6.01017920786 -0.333373745173 5.05624495829 85.6151831966 6.97500903231 2.84385051878 1.87902069433 -0.333373745173 -2.24176882267 5.06661395481 3.14784988079 0.935455441288 -2.24176882267 4.10178413036 1.88938969086 1.87902069433 1.87902069433 5.05624495829 5.05624495829 -0.333373745173 -0.333373745173 6.01017920786 1.87902069433 -0.333373745173 -2.24176882267 0.935455441288 0.935455441288 5.06661395481 3.14784988079 0.935455441288 -0.0293743831652 -0.0293743831652 -0.0293743831652 -2.24176882267 3.25194803053 1.03955359102 2.29801378096 0.0856193414529 0.0856193414529 6.42917229448 2.29801378096 0.0856193414529 -0.879210483 -5.0 1.34355295303 -5.0 4.52077721699 -1.82277573604 -5.0 -2.7876055605 -0.879210483 -3.0916049225 3.25194803053 4.21677785498 -0.879210483 -3.0916049225 -3.0916049225 1.03955359102 -3.0916049225 -2.7876055605 -0.868841486474 -2.7876055605 -5.0 0.389618703461 -2.7876055605 -0.879210483 2.29801378096 6.42917229448 -3.0916049225 3.25194803053 -3.0916049225 -0.868841486474 0.389618703461 -1.82277573604 0.389618703461 -0.868841486474 -0.879210483 -3.0916049225 2.29801378096 0.0856193414529 -3.0916049225 -2.7876055605 -5.0 -1.82277573604 2.30838277748 -5.0 -0.879210483 -3.0916049225 0.0856193414529 0.0856193414529 -2.7876055605 -5.0 -0.868841486474 -2.7876055605 -2.7876055605 -2.7876055605 -0.879210483 -0.879210483 -3.0916049225 4.21677785498 0.0856193414529 -3.0916049225 -0.879210483 -3.0916049225 -3.0916049225 -2.7876055605 -0.868841486474 -2.7876055605 -5.0 -5.0 -5.0 -0.868841486474 -5.0
3.79778476835 5.62259884488 -0.333373745173 5.62259884488 -2.24176882267 -0.416954746147 5.06661395481 0.935455441288 -0.416954746147 1.49144033135 -0.333373745173 3.79778476835 1.49144033135 2.84385051878 6.97500903231 71.8385316629 4.66866459531 -0.333373745173 1.49144033135 -0.416954746147 6.89142803134 0.935455441288 2.76026951781 -0.416954746147 1.88938969086 3.71420376738 -0.333373745173 -0.333373745173 2.84385051878 2.84385051878 1.49144033135 1.49144033135 3.79778476835 -0.333373745173 1.49144033135 -0.416954746147 2.76026951781 2.76026951781 6.89142803134 0.935455441288 2.76026951781 -2.24176882267 -2.24176882267 -2.24176882267 -0.416954746147 1.03955359102 2.86436766754 0.0856193414529 1.91043341798 1.91043341798 4.21677785498 0.0856193414529 1.91043341798 -3.0916049225 -3.17518592348 -0.868841486474 -3.17518592348 2.30838277748 0.00203834047931 -3.17518592348 -5.0 -3.0916049225 -1.26679084598 1.03955359102 6.0415919315 -3.0916049225 -1.26679084598 -1.26679084598 2.86436766754 -1.26679084598 -5.0 0.955972590048 -5.0 -3.17518592348 -1.82277573604 -5.0 -3.0916049225 0.0856193414529 4.21677785498 -1.26679084598 1.03955359102 -1.26679084598 0.955972590048 -1.82277573604 0.00203834047931 -1.82277573604 0.955972590048 -3.0916049225 -1.26679084598 0.0856193414529 1.91043341798 -1.26679084598 -5.0 -3.17518592348 0.00203834047931 4.13319685401 -3.17518592348 -3.0916049225 -1.26679084598 1.91043341798 1.91043341798 -5.0 -3.17518592348 0.955972590048 -5.0 -5.0 -5.0 -3.0916049225 -3.0916049225 -1.26679084598 6.0415919315 1.91043341798 -1.26679084598 -3.0916049225 -1.26679084598 -1.26679084598 -5.0 0.955972590048 -5.0 -3.17518592348 -3.17518592348 -3.17518592348 0.955972590048 -3.17518592348
-0.333373745173 1.49144033135 -0.333373745173 1.49144033135 -2.24176882267 -0.416954746147 0.935455441288 4.58760331614 -0.416954746147 1.49144033135 -0.333373745173 -0.333373745173 5.1435882062 2.84385051878 2.84385051878 4.66866459531 64.0501399035 -0.333373745173 5.1435882062 -0.416954746147 2.76026951781 4.58760331614 6.41241739266 -0.416954746147 -2.24176882267 -0.416954746147 -0.333373745173 3.31877412968 2.84385051878 6.49599839363 1.49144033135 1.49144033135 -0.333373745173 3.31877412968 5.1435882062 -0.416954746147 2.76026951781 2.76026951781 2.76026951781 4.58760331614 6.41241739266 -2.24176882267 -2.24176882267 1.41037905218 3.2351931287 -3.0916049225 -1.26679084598 0.0856193414529 1.91043341798 1.91043341798 0.0856193414529 3.7377672163 5.56258129282 0.560542952345 -3.17518592348 -5.0 0.476961951371 -1.82277573604 3.65418621533 -3.17518592348 -1.34785212515 -3.0916049225 -1.26679084598 -3.0916049225 1.91043341798 -3.0916049225 -1.26679084598 -1.26679084598 -1.26679084598 2.38535702887 -5.0 -3.17518592348 -1.34785212515 0.476961951371 -1.82277573604 -1.34785212515 -3.0916049225 0.0856193414529 0.0856193414529 -1.26679084598 -3.0916049225 2.38535702887 -3.17518592348 -1.82277573604 0.00203834047931 -1.82277573604 -3.17518592348 -3.0916049225 -1.26679084598 0.0856193414529 1.91043341798 -1.26679084598 -5.0 -3.17518592348 0.00203834047931 0.00203834047931 -3.17518592348 -3.0916049225 2.38535702887 1.91043341798 5.56258129282 -5.0 -3.17518592348 -3.17518592348 -5.0 -5.0 -1.34785212515 -3.0916049225 -3.0916049225 2.38535702887 1.91043341798 5.56258129282 -1.26679084598 -3.0916049225 -1.26679084598 2.38535702887 -5.0 -3.17518592348 -1.34785212515 0.476961951371 -3.17518592348 -3.17518592348 -3.17518592348 0.476961951371
1.87902069433 -0.333373745173 -125.628452306 2.55167844671 3.9706250444 1.7582306049 -0.0293743831652 -0.0293743831652 0.643283369212 -0.333373745173 5.8790201219 1.87902069433 -0.333373745173 1.87902069433 1.87902069433 -0.333373745173 -0.333373745173 176.754728089 2.55167844671 1.7582306049 -2.24176882267 -0.0293743831652 -2.24176882267 4.64328279678 2.85567780872 0.643283369212 5.8790201219 1.87902069433 5.8790201219 1.87902069433 2.55167844671 6.55167787428 4.76407288621 4.76407288621 2.55167844671 1.7582306049 -2.24176882267 1.7582306049 -2.24176882267 -0.0293743831652 -2.24176882267 2.85567780872 6.85567723628 2.85567780872 0.643283369212 -0.879210483 -3.0916049225 -0.879210483 -3.0916049225 0.908394505064 -0.879210483 -0.879210483 -3.0916049225 2.00584170888 -1.00000057243 -2.7876055605 -5.0 -2.7876055605 -5.0 1.88505161945 0.0974466313849 3.12078894457 0.908394505064 -0.879210483 -3.0916049225 2.00584170888 -0.206552730623 3.79344669695 -0.206552730623 -0.206552730623 -2.7876055605 -5.0 -2.7876055605 -5.0 1.21239386707 0.0974466313849 -0.879210483 -0.879210483 -0.879210483 -0.206552730623 2.00584170888 -0.206552730623 -5.0 -2.7876055605 -5.0 1.21239386707 -2.11494780812 -0.879210483 -3.0916049225 -0.879210483 0.908394505064 3.79344669695 -2.7876055605 -1.00000057243 -1.00000057243 -5.0 1.88505161945 -0.879210483 -3.0916049225 -3.0916049225 -3.0916049225 -2.7876055605 -5.0 -5.0 0.0974466313849 4.09744605895 0.0974466313849 -0.879210483 3.12078894457 -3.0916049225 -3.0916049225 -3.0916049225 -0.206552730623 6.00584113645 3.79344669695 -0.206552730623 -2.7876055605 -5.0 -2.7876055605 -5.0 -2.11494780812 1.88505161945 -2.11494780812 -2.11494780812
-0.333373745173 1.49144033135 2.55167844671 4.37649252323 -2.24176882267 -0.416954746147 -2.24176882267 1.41037905218 2.46809744573 1.49144033135 -0.333373745173 -0.333373745173 5.1435882062 -0.333373745173 -0.333373745173 1.49144033135 5.1435882062 2.55167844671 134.540026523 -0.416954746147 -0.416954746147 1.41037905218 3.2351931287 2.46809744573 0.643283369212 2.46809744573 -0.333373745173 3.31877412968 -0.333373745173 3.31877412968 4.37649252323 4.37649252323 2.55167844671 6.20382632156 -93.1804685013 -0.416954746147 -0.416954746147 -0.416954746147 -0.416954746147 1.41037905218 3.2351931287 0.643283369212 0.643283369212 4.29543124406 6.12024532058 -3.0916049225 -1.26679084598 -3.0916049225 -1.26679084598 -1.26679084598 -3.0916049225 0.560542952345 2.38535702887 3.44559514423 -3.17518592348 -5.0 0.476961951371 -5.0 0.476961951371 -0.290133731596 1.53720006673 -3.0916049225 -1.26679084598 -3.0916049225 -1.26679084598 -0.206552730623 1.6182613459 1.6182613459 1.6182613459 5.27040922075 -5.0 -3.17518592348 -1.34785212515 0.476961951371 -5.0 1.53720006673 -3.0916049225 -3.0916049225 -3.0916049225 1.6182613459 -0.206552730623 5.27040922075 -3.17518592348 -5.0 -3.17518592348 -5.0 -0.290133731596 -3.0916049225 -1.26679084598 -3.0916049225 -1.26679084598 1.6182613459 -5.0 -3.17518592348 -3.17518592348 -3.17518592348 -0.290133731596 -3.0916049225 2.38535702887 -1.26679084598 2.38535702887 -5.0 -3.17518592348 -3.17518592348 -2.11494780812 -2.11494780812 1.53720006673 -3.0916049225 -3.0916049225 2.38535702887 -1.26679084598 2.38535702887 1.6182613459 -0.206552730623 1.6182613459 5.27040922075 -5.0 -3.17518592348 -1.34785212515 0.476961951371 -0.290133731596 -0.290133731596 -0.290133731596 3.36201414325
0.711170046334 2.53598412286 1.7582306049 -0.416954746147 6.81201207507 -116.261663502 -0.1409262215 -0.1409262215 1.68388785502 2.53598412286 4.7111694739 0.711170046334 2.53598412286 -2.24176882267 -2.24176882267 -0.416954746147 -0.416954746147 1.7582306049 -0.416954746147 258.433805459 1.68388785502 -0.1409262215 1.68388785502 5.68388728259 -0.1409262215 1.68388785502 4.7111694739 0.711170046334 1.7582306049 -2.24176882267 -0.416954746147 3.58304468142 -2.24176882267 -2.24176882267 -0.416954746147 -116.261663502 1.68388785502 5.68388728259 1.68388785502 -0.1409262215 1.68388785502 -0.1409262215 3.85907320607 -0.1409262215 1.68388785502 -2.047061131 -0.222247054475 -5.0 -3.17518592348 0.82481350409 -5.0 -5.0 -3.17518592348 -5.0 5.87859497426 0.0537814701719 1.87859554669 -2.89915739883 -1.07434332231 2.92565610526 -2.89915739883 1.95293829657 3.77775237309 -2.047061131 -3.17518592348 -5.0 -3.17518592348 0.82481350409 -3.17518592348 -3.17518592348 0.0537814701719 1.87859554669 0.0537814701719 1.87859554669 1.10084202874 -2.89915739883 -2.047061131 -5.0 -5.0 -3.17518592348 -5.0 -3.17518592348 1.87859554669 -2.89915739883 -1.07434332231 1.10084202874 -1.07434332231 -2.047061131 -0.222247054475 -5.0 0.82481350409 0.82481350409 0.0537814701719 5.87859497426 2.92565610526 -1.07434332231 2.92565610526 -2.047061131 -0.222247054475 -3.17518592348 -3.17518592348 0.0537814701719 1.87859554669 1.87859554669 -2.89915739883 1.10084202874 -2.89915739883 -2.047061131 1.95293829657 -0.222247054475 -3.17518592348 -3.17518592348 -3.17518592348 -1.00000057243 0.82481350409 -3.17518592348 0.0537814701719 1.87859554669 0.0537814701719 1.87859554669 -1.07434332231 2.92565610526 -1.07434332231 -1.07434332231
1.88938969086 3.71420376738 -2.24176882267 3.71420376738 -0.1409262215 1.68388785502 7.16745655598 3.03629804246 1.68388785502 -0.416954746147 -2.24176882267 1.88938969086 -0.416954746147 0.935455441288 5.06661395481 6.89142803134 2.76026951781 -2.24176882267 -0.416954746147 1.68388785502 182.481510381 3.03629804246 4.86111211898 1.68388785502 3.99023229203 5.81504636855 -2.24176882267 -2.24176882267 0.935455441288 0.935455441288 -0.416954746147 -0.416954746147 1.88938969086 -2.24176882267 -0.416954746147 1.68388785502 4.86111211898 4.86111211898 -129.799121166 3.03629804246 4.86111211898 -0.1409262215 -0.1409262215 -0.1409262215 1.68388785502 -0.868841486474 0.955972590048 -1.82277573604 0.00203834047931 0.00203834047931 2.30838277748 -1.82277573604 0.00203834047931 -5.0 -1.07434332231 1.2320011147 -1.07434332231 4.40922537865 2.10288094165 -1.07434332231 -2.89915739883 -5.0 -3.17518592348 -0.868841486474 4.13319685401 -5.0 -3.17518592348 -3.17518592348 0.955972590048 -3.17518592348 -2.89915739883 3.05681519122 -2.89915739883 -1.07434332231 0.278066865126 -2.89915739883 -5.0 -1.82277573604 2.30838277748 -3.17518592348 -0.868841486474 -3.17518592348 3.05681519122 0.278066865126 2.10288094165 0.278066865126 3.05681519122 -5.0 -3.17518592348 -1.82277573604 0.00203834047931 -3.17518592348 -2.89915739883 -1.07434332231 2.10288094165 6.23403945517 -1.07434332231 -5.0 -3.17518592348 0.00203834047931 0.00203834047931 -2.89915739883 -1.07434332231 3.05681519122 -2.89915739883 -2.89915739883 -2.89915739883 -5.0 -5.0 -3.17518592348 4.13319685401 0.00203834047931 -3.17518592348 -5.0 -3.17518592348 -3.17518592348 -2.89915739883 3.05681519122 -2.89915739883 -1.07434332231 -1.07434332231 -1.07434332231 3.05681519122 -1.07434332231
-0.0293743831652 -2.24176882267 -0.0293743831652 -2.24176882267 2.071468218 -0.1409262215 5.24869248196 -139.858060636 -0.1409262215 -2.24176882267 -0.0293743831652 -0.0293743831652 1.41037905218 3.14784988079 3.14784988079 0.935455441288 4.58760331614 -0.0293743831652 1.41037905218 -0.1409262215 3.03629804246 306.418642343 6.68844591731 -0.1409262215 2.071468218 -0.1409262215 -0.0293743831652 3.62277349168 3.14784988079 6.79999775564 -2.24176882267 -2.24176882267 -0.0293743831652 3.62277349168 1.41037905218 -0.1409262215 3.03629804246 3.03629804246 3.03629804246 -139.858060636 6.68844591731 2.071468218 2.071468218 5.72361609285 3.51122165335 -2.7876055605 -5.0 0.389618703461 -1.82277573604 -1.82277573604 0.389618703461 4.04176657831 1.82937213881 0.864542314352 -2.89915739883 -0.686762959327 0.752990476018 2.49046130463 3.93021473998 -2.89915739883 2.96538491552 -2.7876055605 -5.0 -2.7876055605 -1.82277573604 -2.7876055605 -5.0 -5.0 -5.0 -1.34785212515 -0.686762959327 -2.89915739883 2.96538491552 0.752990476018 2.49046130463 2.96538491552 -2.7876055605 0.389618703461 0.389618703461 -5.0 -2.7876055605 -1.34785212515 -2.89915739883 2.49046130463 0.278066865126 2.49046130463 -2.89915739883 -2.7876055605 -5.0 0.389618703461 -1.82277573604 -5.0 -0.686762959327 -2.89915739883 0.278066865126 0.278066865126 -2.89915739883 -2.7876055605 -1.34785212515 -1.82277573604 1.82937213881 -0.686762959327 -2.89915739883 -2.89915739883 -0.686762959327 -0.686762959327 2.96538491552 -2.7876055605 -2.7876055605 -1.34785212515 -1.82277573604 1.82937213881 -5.0 -2.7876055605 -5.0 -1.34785212515 -0.686762959327 -2.89915739883 2.96538491552 0.752990476018 -2.89915739883 -2.89915739883 -2.89915739883 0.752990476018
-2.24176882267 -0.416954746147 -2.24176882267 -0.416954746147 -0.1409262215 1.68388785502 3.03629804246 6.68844591731 1.68388785502 -0.416954746147 -2.24176882267 -2.24176882267 3.2351931287 0.935455441288 0.935455441288 2.76026951781 6.41241739266 -2.24176882267 3.2351931287 1.68388785502 4.86111211898 6.68844591731 161.886304427 1.68388785502 -0.1409262215 1.68388785502 -2.24176882267 1.41037905218 0.935455441288 4.58760331614 -0.416954746147 -0.416954746147 -2.24176882267 1.41037905218 3.2351931287 1.68388785502 4.86111211898 4.86111211898 4.86111211898 6.68844591731 -114.185175553 -0.1409262215 -0.1409262215 3.51122165335 5.33603572987 -5.0 -3.17518592348 -1.82277573604 0.00203834047931 0.00203834047931 -1.82277573604 1.82937213881 3.65418621533 -1.34785212515 -1.07434332231 -2.89915739883 2.57780455254 0.278066865126 5.7550288165 -1.07434332231 0.752990476018 -5.0 -3.17518592348 -5.0 0.00203834047931 -5.0 -3.17518592348 -3.17518592348 -3.17518592348 0.476961951371 -2.89915739883 -1.07434332231 0.752990476018 2.57780455254 0.278066865126 0.752990476018 -5.0 -1.82277573604 -1.82277573604 -3.17518592348 -5.0 0.476961951371 -1.07434332231 0.278066865126 2.10288094165 0.278066865126 -1.07434332231 -5.0 -3.17518592348 -1.82277573604 0.00203834047931 -3.17518592348 -2.89915739883 -1.07434332231 2.10288094165 2.10288094165 -1.07434332231 -5.0 0.476961951371 0.00203834047931 3.65418621533 -2.89915739883 -1.07434332231 -1.07434332231 -2.89915739883 -2.89915739883 0.752990476018 -5.0 -5.0 0.476961951371 0.00203834047931 3.65418621533 -3.17518592348 -5.0 -3.17518592348 0.476961951371 -2.89915739883 -1.07434332231 0.752990476018 2.57780455254 -1.07434332231 -1.07434332231 -1.07434332231 2.57780455254
