149.790426265 6.58691911903 7.75998552582 -4.58142015073 9.03082949218 -15.2275502451 -7.84797690066 5.51818889276 4.36934735747 -15.5030600983 -1.15782807905 -1.339732161 1.1614868999 -1.66796161929 -1.78880513237 -1.63832403115 -12.7403276885 -16.5906833073 -1.8437777992 1.8217547389 -14.0618893818 1.59248726421 -1.339732161 16.4411036183 -16.1041107555 0.869138003892 117.667209779 2.53932116959 -14.9969642106 -15.2806581517 -11.8270554493 -11.8270554493 -4.50964092227 -1.04115886406 8.02825035329 0.203488136325 -1.78880513237 -4.82503988911 -4.82503988911 2.35107720815 -14.9969642106 -5.18026082127 119.917700208 -11.6868578895 -16.0343382382 -7.99494865039 3.36000168846 1.72091635115 -11.8270554493 2.53932116959 -0.490390031897 -11.8270554493 -11.8270554493 7.69167665667 -9.45145071182 -13.8491936233 -1.58726344307 -1.95053663583 -11.8270554493 -11.8270554493 -14.3887909586 -11.8270554493 -14.9969642106 -11.8270554493 -11.8270554493 -11.8270554493 -14.9969642106 -11.8270554493 -1.55721871806 -11.8270554493 1.04488202866 -12.7738893547 -6.28154195055 7.09971768682 -11.8270554493 -4.82503988911 -4.84376166627 -4.82503988911 -0.630619471718 -1.55721871806
6.58691911903 76.1413276124 4.61067626413 -0.416913325901 -16.2584618522 3.32665553842 -7.82737740108 9.08984727 -5.3415967481 -4.30659224071 -1.15782807905 -4.50964092227 6.10329668945 -1.66796161929 14.5530647615 3.32408525798 -10.3795594188 8.54358019926 3.11863148993 3.59365576718 -0.976270799563 -3.071860638 -4.50964092227 5.51818889276 -5.12132400217 -3.58152879405 -1.52776405949 -2.12502673262 9.9236181918 -28.2224679413 -2.12502673262 -2.12502673262 7.53900400214 3.92125042508 7.51301309018 -6.56255430528 3.17360415676 -3.05313886083 -3.05313886083 -1.33406881623 9.9236181918 4.52176789539 -2.12502673262 -1.98482917282 -1.66796161929 8.99550606358 -1.30434621374 -14.8883882464 -2.12502673262 -2.12502673262 10.0638157516 -2.12502673262 -2.12502673262 -8.91762794091 7.53900400214 -2.86640686994 -6.25161134528 -1.95053663583 -2.12502673262 -2.12502673262 -19.0531388608 -2.12502673262 9.9236181918 -2.12502673262 -2.12502673262 -2.12502673262 9.9236181918 -2.12502673262 -6.22156662027 -2.12502673262 -15.5644225689 -3.071860638 -4.50964092227 7.1203171864 -2.12502673262 -3.05313886083 -3.071860638 -3.05313886083 34.6787772497 -6.22156662027
7.75998552582 4.61067626413 42.8619403342 -0.543497938561 -13.6670206072 -18.1829949778 8.40507544238 4.89107138372 4.33830359593 -1.19401859979 -4.88403264964 -1.06593673159 8.55091989705 -2.0 -5.76820563279 3.11863148993 -14.6563335586 -4.43317685337 5.80833130637 11.759928358 -1.10285541222 0.894315281112 -0.996687239282 8.10963013772 -1.88216574858 -1.27048266869 -2.0 0.18601939275 -3.05313886083 -11.9987419076 0.18601939275 0.18601939275 -4.23584549287 3.11863148993 -2.31607487563 0.203488136325 5.79405448089 -14.0661182259 -0.984373263291 22.014694293 -3.05313886083 7.11320914035 0.116769900444 0.116769900444 -1.93075050769 1.59358035678 1.00669991163 -4.8250398891 0.18601939275 0.18601939275 -3.05313886083 0.18601939275 0.18601939275 2.1713993508 0.137078295341 0.167297615588 0.18601939275 -5.22351897031 0.18601939275 0.18601939275 2.27692669581 0.18601939275 -3.05313886083 0.18601939275 0.18601939275 0.18601939275 -3.05313886083 0.18601939275 2.27692669581 0.18601939275 -4.7557903968 0.167297615588 -2.44087532473 20.1556368779 0.18601939275 4.83273861036 0.448164337642 -0.984373263291 -6.04466520177 2.27692669581
-4.58142015073 -0.416913325901 -0.543497938561 271.314934293 -4.57296173818 -4.60842085546 1.59406296047 -0.203061111245 -15.3690741358 1.95175528516 -1.82160690263 -0.194918940897 -3.09288966281 0.466091805136 14.3324360285 -1.78614778534 -18.9535549529 2.97822790888 -4.50964092227 -5.48530772811 25.4707405925 -10.3726233419 -2.1010213061 -4.54596103345 -2.11747169604 1.56845674443 -17.0619516593 101.164608316 -17.0085156871 1.64352632464 -17.1869087845 -17.1869087845 -0.016525843525 1.07743177464 -3.05313886083 -4.90561299056 0.214024967935 -27.1958611132 -2.38218057164 -0.570498643292 -17.0085156871 -4.46065266929 -18.1712060543 -26.2919735358 -2.22194221451 -18.0331707459 -3.72322157118 -8.46819354309 -17.1869087845 101.164608316 92.0595435646 -17.1869087845 -17.1869087845 -0.296145844454 -4.72307007852 -20.9249578591 -4.67021495846 -4.68207450362 -17.1869087845 -17.1869087845 -21.7011900845 -17.1869087845 -17.0085156871 -17.1869087845 -17.1869087845 -17.1869087845 -17.0085156871 -17.1869087845 -17.4342608786 -17.1869087845 0.551562844039 -16.5227359321 -4.90146317589 -3.05313886083 -17.1869087845 -18.2115638433 -5.52656753841 -2.38218057164 -15.6593904194 -17.4342608786
9.03082949218 -16.2584618522 -13.6670206072 -4.57296173818 89.3769171262 44.9906164122 -7.84797690066 -23.9426076153 0.603270849404 -9.05897557457 -1.15782807905 -1.339732161 -20.3347687255 -0.117298717984 -1.78880513237 -9.60286491386 46.4061654434 -2.21584827593 -1.77452830689 -19.6052513942 0.33994635439 1.63473605178 -1.27048266869 1.41593322136 -1.66002623177 2.4890503975 -0.387203582619 2.61702907445 -0.622129179137 45.0777060653 2.61702907445 2.61702907445 -4.50964092227 -1.71719318654 -14.6769330581 0.203488136325 -1.78880513237 -4.85204059384 -4.78279110153 1.64915565974 -0.622129179137 -12.2054312182 2.54777958214 2.51232046486 -1.5632530097 -8.02194935512 3.46471029805 1.01788132393 2.61702907445 2.61702907445 -0.657588296421 2.61702907445 2.61702907445 -13.6998703591 -9.45145071182 0.594890900449 -1.50955553821 -1.72392551777 2.61702907445 2.61702907445 -14.346542171 2.61702907445 -0.622129179137 2.61702907445 2.61702907445 2.61702907445 -0.622129179137 2.61702907445 -1.51496993049 2.61702907445 -6.87741006648 1.67019516907 -6.21229245824 -14.3272884463 2.61702907445 -4.78279110153 -4.870762371 -4.78279110153 -0.770817031511 -1.51496993049
-15.2275502451 3.32665553842 -18.1829949778 -4.60842085546 44.9906164122 94.7128555923 0.277182580314 -5.20623792516 -16.7213536673 -4.33359294544 6.28302105725 -4.50964092227 -26.115064615 -1.66796161929 6.89714458778 -0.952374310998 45.9426379096 9.7973375312 -1.15782807905 -0.197138129856 7.7453363734 -1.6044222018 -4.50964092227 -15.7604437086 -4.93464360264 -2.30077075739 2.37443397718 -0.657588296421 11.391056628 54.001243022 -0.657588296421 -0.657588296421 7.53900400214 -0.891045906596 -15.2806581517 -14.752488312 -1.10285541222 -8.02194935512 -8.02194935512 -1.56368795595 11.391056628 -21.2603444785 -0.657588296421 2.10404926337 -1.66796161929 4.0266955693 12.0585094709 -2.01182987755 -0.657588296421 -0.657588296421 3.53125418778 -0.657588296421 -0.657588296421 -29.1516092041 2.59719421259 -2.67972647042 -4.78417290908 -1.72392551777 -0.657588296421 -0.657588296421 -17.5857004246 -0.657588296421 11.391056628 -0.657588296421 -0.657588296421 -0.657588296421 11.391056628 -0.657588296421 -4.75412818407 -0.657588296421 -2.15202743735 -1.6044222018 -9.45145071182 -15.6733540555 -0.657588296421 -8.02194935512 -8.04067113228 -8.02194935512 -4.96515592 -4.75412818407
-7.84797690066 -7.82737740108 8.40507544238 1.59406296047 -7.84797690066 0.277182580314 140.60869994 -7.82737740108 0.445819335147 -2.0 -15.157828079 -3.88224716717 5.29108467909 -0.889458756769 -9.55077253771 -6.88136851007 -10.3370183234 -2.0 -5.40170594329 2.17061523892 -4.58886284285 -0.638683784625 -0.771705923944 -7.84797690066 -0.638683784625 -0.889458756769 -3.28134684622 -0.619962007463 -0.619962007463 11.5285426877 -0.619962007463 -0.619962007463 -3.88224716717 10.81335149 -22.4106873938 -5.79651186367 8.39160302653 4.30404171804 -4.54364122251 -10.4819657246 -0.619962007463 0.277182580314 -0.619962007463 -0.619962007463 -3.28134684622 1.27347065115 -5.42284981825 -5.56177179701 -0.619962007463 -0.619962007463 -8.61996200746 -0.619962007463 -0.619962007463 -4.66462720923 1.12172673467 -0.638683784625 -0.619962007463 -8.50964092227 -0.619962007463 -0.619962007463 1.19714986619 -0.619962007463 -0.619962007463 -0.619962007463 -0.619962007463 -0.619962007463 -0.619962007463 -0.619962007463 1.19714986619 -0.619962007463 -5.56177179701 -0.638683784625 -4.69538513899 15.2581575117 -0.619962007463 1.27347065115 -0.562362999671 -4.54364122251 -1.5306726324 1.19714986619
5.51818889276 9.08984727 4.89107138372 -0.203061111245 -23.9426076153 -5.20623792516 -7.82737740108 39.4157054423 13.3673632761 -0.654234975284 -0.979434981678 -4.50964092227 6.56208490641 -1.45410940463 6.55306476153 7.15483562078 -11.448289645 8.75743241391 3.11863148993 3.87405088676 -0.762418584907 -3.071860638 -4.50964092227 9.45094127778 -5.08586488488 -3.54606967677 -1.66796161929 -2.08956761533 10.1374704065 -20.6151638451 -2.08956761533 -2.08956761533 7.71739709951 3.24521610259 7.1203171864 1.43744569472 3.17360415676 -3.05313886083 -3.05313886083 -1.72676472001 10.1374704065 4.83762213227 -2.08956761533 -2.12502673262 -1.632502502 9.17389916095 -1.26888709646 10.650290121 -2.08956761533 -2.08956761533 9.9236181918 -2.08956761533 -2.08956761533 17.6129389859 7.71739709951 -2.83094775266 -6.21615222799 -1.95053663583 -2.08956761533 -2.08956761533 -19.0531388608 -2.08956761533 10.1374704065 -2.08956761533 -2.08956761533 -2.08956761533 10.1374704065 -2.08956761533 -6.22156662027 -2.08956761533 14.3026473864 -3.03640152071 -4.50964092227 7.40071230599 -2.08956761533 -3.05313886083 -3.071860638 -3.05313886083 -15.4441704262 -6.22156662027
4.36934735747 -5.3415967481 4.33830359593 -15.3690741358 0.603270849404 -16.7213536673 0.445819335147 13.3673632761 116.195635587 -13.5291509927 -4.7470937732 1.76765879152 7.39607188181 -5.22176819616 -7.28943807337 -23.684978691 0.852492991518 7.77042678448 -14.2429373121 5.0036538165 -5.40032149675 -1.9235359311 1.76765879152 -3.31479840565 -3.93754017799 7.51556961821 17.398036986 -1.5560384331 -1.37764533573 -19.7811768697 -1.5560384331 -1.5560384331 1.94605188889 14.9616051269 1.54826755407 -1.15782807905 -22.3800296668 -1.9235359311 -1.9235359311 -1.71874226862 -1.37764533573 5.37115131449 -1.5560384331 -1.59149755039 -7.9098022158 -1.74514283373 -0.735357914227 9.94986174482 -1.5560384331 -1.5560384331 -1.59149755039 -1.5560384331 -1.5560384331 16.9125106097 7.32646521758 -1.68262304576 -5.68262304576 -8.22783634963 -1.5560384331 -1.5560384331 -1.9235359311 -1.5560384331 -1.37764533573 -1.5560384331 -1.5560384331 -1.5560384331 -1.37764533573 -1.5560384331 -5.68803743804 -1.5560384331 1.9853208621 -1.88807681381 7.14807212021 1.82866267366 -1.5560384331 -1.9235359311 -1.9235359311 -1.9235359311 9.3549191142 -5.68803743804
-15.5030600983 -4.30659224071 -1.19401859979 1.95175528516 -9.05897557457 -4.33359294544 -2.0 -0.654234975284 -13.5291509927 79.870127893 12.320939294 1.97076413045 -1.9235359311 -1.19021685575 -10.0345879975 5.42001605694 -1.82395202317 13.8848075876 -5.69840929922 -1.19401859979 -15.9670487687 18.0750154675 -4.807898532 4.34327757528 2.02831338206 14.3048502055 -35.2999829093 -0.269574545511 -1.75037850212 -1.95053663583 1.48877975146 1.48877975146 -1.19914463083 15.3983710687 -1.9235359311 -6.26692920593 12.320939294 -9.48516503761 -0.431618275455 -1.29026879682 -1.75037850212 0.726379427133 -15.6894979265 -7.60022612798 0.63738693353 -3.67077652904 -1.10843893874 5.93769475099 1.48877975146 -0.269574545511 -12.5284891862 1.48877975146 1.48877975146 -1.03197486984 -8.49919665932 3.21052982127 -4.39615915817 28.6299660738 1.48877975146 1.48877975146 -4.69854748139 1.48877975146 -1.75037850212 1.48877975146 1.48877975146 1.48877975146 -1.75037850212 1.48877975146 -0.431618275455 1.48877975146 18.6435987786 2.17167438103 -5.26003840573 -1.85428643879 1.48877975146 -0.431618275455 -3.62653295737 -0.431618275455 -5.64107417886 -0.431618275455
-1.15782807905 -1.15782807905 -4.88403264964 -1.82160690263 -1.15782807905 6.28302105725 -15.157828079 -0.979434981678 -4.7470937732 12.320939294 68.9895988772 9.14144999761 2.9136026814 12.0289574383 3.40931975703 -3.37668559531 -1.15782807905 -5.58926569415 9.18402771909 2.73520958403 5.15440351124 -1.72620457059 1.3259646081 -1.15782807905 -2.0 -11.7676587915 -7.76765879152 -2.0 -1.82160690263 -4.11380452734 -2.0 -2.0 9.31984309498 20.911557274 -5.15782807905 -6.06618048144 3.4369066444 -5.74767608141 7.25737010749 7.64735350166 -1.82160690263 6.28302105725 -2.0 -2.0 10.320939294 -5.36941837585 7.89991920539 -2.0 -2.0 -2.0 -2.0 -2.0 -2.0 -0.113804527337 -10.2832837962 -2.0 -2.0 21.6522402228 -2.0 -2.0 -5.54781147322 -2.0 -1.82160690263 -2.0 -2.0 -2.0 -1.82160690263 -2.0 -5.54781147322 -2.0 -2.0 -2.0 2.34350468717 -9.15782807905 -2.0 -5.54781147322 -1.54781147322 7.25737010749 -5.03771331886 -5.54781147322
-1.339732161 -4.50964092227 -1.06593673159 -0.194918940897 -1.339732161 -4.50964092227 -3.88224716717 -4.50964092227 1.76765879152 1.97076413045 9.14144999761 78.9846851291 -1.54781147322 2.81248541542 -0.232341208483 5.9867993273 -2.0 -6.93690107165 5.76105437313 -15.2539202531 -0.114588375659 -15.6628647325 -6.63228376171 -1.339732161 1.31916985457 3.47275325442 -5.06976175176 0.465348898108 -2.70455986317 -2.0 0.465348898108 0.465348898108 -1.13288617701 5.3695061109 -2.0 1.82845843744 0.0414542209234 0.717672816703 0.917537424886 -1.339732161 -2.70455986317 -1.339732161 1.12070889811 0.465348898108 2.93023824824 -2.25237133639 -3.22197932817 -1.79689466107 0.465348898108 0.465348898108 -2.70455986317 0.465348898108 0.465348898108 -1.339732161 1.72657922396 0.465348898108 0.465348898108 2.49197563944 0.465348898108 0.465348898108 0.917537424886 0.465348898108 -2.70455986317 0.465348898108 0.465348898108 0.465348898108 -2.70455986317 0.465348898108 0.917537424886 0.465348898108 -1.79689466107 0.465348898108 -11.1035120148 -6.0 0.465348898108 0.917537424886 16.1658851618 0.917537424886 -0.114588375659 0.917537424886
1.1614868999 6.10329668945 8.55091989705 -3.09288966281 -20.3347687255 -26.115064615 5.29108467909 6.56208490641 7.39607188181 -1.9235359311 2.9136026814 -1.54781147322 90.3199406755 -1.82160690263 -5.10285541222 -0.979434981678 -18.1829949778 -6.68695262328 -0.593796441073 16.8521393622 3.78860199983 -5.23023407587 -1.15623343354 1.44188201949 -2.61168307989 -6.94180978955 -9.45145071182 -5.48530772811 -5.30691463074 -22.5561783112 -5.48530772811 -5.48530772811 -0.977840336167 -1.15782807905 6.39353289802 -6.75248831196 3.27839764373 15.2879191125 9.99931655055 -3.59703327056 -5.30691463074 32.541346484 -5.48530772811 -5.48530772811 -4.50964092227 15.9948215216 -21.2237780729 -0.543497938561 -5.48530772811 -5.48530772811 -5.48530772811 -5.48530772811 -5.48530772811 31.086330689 19.9835843216 -0.562219715723 -5.48530772811 -8.1863821287 -5.48530772811 -5.48530772811 -2.82442928799 -5.48530772811 -5.30691463074 -5.48530772811 -5.48530772811 -5.48530772811 -5.30691463074 -5.48530772811 -2.82442928799 -5.48530772811 -0.543497938561 -5.50402950527 13.9880793506 2.67392801761 -5.48530772811 15.8164284242 13.5890167337 9.99931655055 2.15519310742 -2.82442928799
-1.66796161929 -1.66796161929 -2.0 0.466091805136 -0.117298717984 -1.66796161929 -0.889458756769 -1.45410940463 -5.22176819616 -1.19021685575 12.0289574383 2.81248541542 -1.82160690263 61.3000654925 -2.32069000431 2.5233923182 -1.66796161929 -25.2603039122 -7.76765879152 -2.0 7.47433604308 -4.36326486528 -0.532189592321 -1.632502502 -0.07415145945 -17.1805105137 11.567165883 0.493152475817 0.671545573188 -2.0 0.493152475817 0.493152475817 3.38357441657 -3.21604854932 -2.0 -2.4703749531 9.43148053728 0.0403466136583 0.0403466136583 -2.0 0.671545573188 -1.54719413784 0.493152475817 0.37238499437 25.2700410671 0.21873971103 -0.436652894611 -1.88985856481 0.493152475817 0.493152475817 0.37238499437 0.493152475817 0.493152475817 -1.54719413784 0.100508103549 -0.155467824761 -3.63343213684 12.0990423485 0.493152475817 0.493152475817 0.0403466136583 0.493152475817 0.671545573188 0.493152475817 0.493152475817 0.493152475817 0.671545573188 0.493152475817 -3.72415489328 0.493152475817 -1.85439944752 -1.98025382465 -0.984329466056 -2.0 0.493152475817 0.0403466136583 -2.1010213061 0.0403466136583 -4.32507916758 -3.72415489328
-1.78880513237 14.5530647615 -5.76820563279 14.3324360285 -1.78880513237 6.89714458778 -9.55077253771 6.55306476153 -7.28943807337 -10.0345879975 3.40931975703 -0.232341208483 -5.10285541222 -2.32069000431 86.4067931135 10.3754899211 -9.44693523846 7.14807212021 8.41005066091 -5.10285541222 25.4881939797 4.16998571902 2.87820003475 -1.78880513237 -6.26692920593 4.25861336345 -7.74138663655 -2.0 -2.0 -22.0446652018 -2.0 -2.0 -0.232341208483 -1.4267568679 -6.39320563279 -4.08321731314 -13.3401663408 -2.89310814815 6.80518158071 13.5188677998 -2.0 -1.10285541222 -2.0 -2.0 -4.65711754829 -6.0 0.00768583100809 1.37946060477 -2.0 -2.0 -2.0 -2.0 -2.0 2.27660519255 4.25861336344 -2.0 -2.0 5.71201375208 -2.0 -2.0 0.169985719019 -2.0 -2.0 -2.0 -2.0 -2.0 -2.0 -2.0 -6.0 -2.0 1.37946060477 -6.26692920593 17.0637949442 -5.76820563279 -2.0 -6.0 -2.0 6.80518158071 -7.08035639912 -6.0
-1.63832403115 3.32408525798 3.11863148993 -1.78614778534 -9.60286491386 -0.952374310998 -6.88136851007 7.15483562078 -23.684978691 5.42001605694 -3.37668559531 5.9867993273 -0.979434981678 2.5233923182 10.3754899211 70.6883455852 3.32408525798 2.18696477422 12.7257278801 -1.15782807905 4.44058107527 -2.0 0.384952007918 2.01403323428 -5.96454088272 -3.99142832315 -0.0268874404317 -1.75908711466 -1.58069401729 -1.15782807905 -1.75908711466 -1.75908711466 6.16519242467 -19.034804609 3.11863148993 27.1354286367 16.1077623322 -2.0 -2.0 3.11863148993 -1.58069401729 -0.916915193714 -1.75908711466 -1.79454623195 0.00857167685252 -1.82160690263 0.69998295443 -1.79454623195 -1.75908711466 -1.75908711466 -1.79454623195 -1.75908711466 -1.75908711466 -0.916915193714 -0.0539481111119 -0.0715871146665 -1.75908711466 1.76765879152 -1.75908711466 -1.75908711466 -2.0 -1.75908711466 -1.58069401729 -1.75908711466 -1.75908711466 -1.75908711466 -1.58069401729 -1.75908711466 -5.76450150694 -1.75908711466 1.85781103348 -0.277040882718 -0.232341208483 3.11863148993 -1.75908711466 -2.0 -2.0 -2.0 1.8247095254 -5.76450150694
-12.7403276885 -10.3795594188 -14.6563335586 -18.9535549529 46.4061654434 45.9426379096 -10.3370183234 -11.448289645 0.852492991518 -1.82395202317 -1.15782807905 -2.0 -18.1829949778 -1.66796161929 -9.44693523846 3.32408525798 113.706827247 -1.61849825512 5.96335892073 -15.6733540555 -19.4859117218 -0.589220420454 -2.0 -14.3448946774 -2.63868378463 -1.66796161929 14.2803675414 -0.23846026258 -0.23846026258 38.0189512572 -0.23846026258 -0.23846026258 -2.0 -14.1315635744 -10.8830734613 -5.24177672518 0.663963234485 -0.570498643292 -0.570498643292 1.93801998679 -0.23846026258 -15.3413156748 -0.23846026258 -0.0982627027869 1.17676581151 -0.570498643292 0.609220961026 -1.62823019683 -0.23846026258 -0.23846026258 -0.0982627027869 -0.23846026258 -0.23846026258 -17.4071199315 -2.0 -0.383766652402 -4.36504487524 1.12080191302 -0.23846026258 -0.23846026258 -0.570498643292 -0.23846026258 -0.23846026258 -0.23846026258 -0.23846026258 -0.23846026258 -0.23846026258 -0.23846026258 -4.33500015023 -0.23846026258 -2.30426451931 -0.589220420454 -2.0 -11.8116061278 -0.23846026258 -0.570498643292 -0.589220420454 -0.570498643292 12.6667676182 -4.33500015023
-16.5906833073 8.54358019926 -4.43317685337 2.97822790888 -2.21584827593 9.7973375312 -2.0 8.75743241391 7.77042678448 13.8848075876 -5.58926569415 -6.93690107165 -6.68695262328 -25.2603039122 7.14807212021 2.18696477422 -1.61849825512 96.1579710316 7.14807212021 -9.37498664292 -4.45770552072 -4.53138641213 -8.84300343686 -0.430493274223 -1.81414011017 21.3177048114 -25.7293521614 1.0917214048 15.0771137236 -1.95053663583 2.85007570177 2.85007570177 5.29013695013 -5.64107417886 -1.9235359311 -2.0 -5.76765879152 -15.1640233009 -6.35034275941 -4.4601775581 15.0771137236 -0.345184910061 -14.2589524839 -6.25498904952 -23.6803427126 6.0473119907 -2.18000327594 -11.5563449423 2.85007570177 1.0917214048 4.03530157791 2.85007570177 2.85007570177 -3.38429724371 6.87045051606 -1.46532534315 -3.20547993619 -5.94009237287 2.85007570177 2.85007570177 -15.9571582049 2.85007570177 15.0771137236 2.85007570177 2.85007570177 2.85007570177 15.0771137236 2.85007570177 -3.1255859643 2.85007570177 -2.53658855521 -0.219404346203 -6.26303197795 -1.9235359311 2.85007570177 -6.17972603109 -9.47600794902 -6.35034275941 7.48011050092 -3.1255859643
-1.8437777992 3.11863148993 5.80833130637 -4.50964092227 -1.77452830689 -1.15782807905 -5.40170594329 3.11863148993 -14.2429373121 -5.69840929922 9.18402771909 5.76105437313 -0.593796441073 -7.76765879152 8.41005066091 12.7257278801 5.96335892073 7.14807212021 62.6165195435 1.07864950127 8.28692762524 -1.20373284217 0.228456546055 -1.77452830689 -1.93075050769 5.21732161252 8.11055238383 -1.93075050769 -2.0 -0.86759187048 -1.93075050769 -1.93075050769 5.76105437313 -8.28685923872 8.76323605157 -12.4692606792 12.5852352037 -0.182888126344 -5.58063429333 -0.805047725114 -2.0 -1.08857858674 -2.0 -2.0 -4.7359290356 0.167228088017 1.71774591961 -2.0 -1.93075050769 -1.93075050769 -2.0 -1.93075050769 -1.93075050769 -1.08857858674 7.43305304105 -1.93075050769 -1.93075050769 -4.60643264253 -1.93075050769 -1.93075050769 0.160156795369 -1.93075050769 -2.0 -1.93075050769 -1.93075050769 -1.93075050769 -2.0 -1.93075050769 0.160156795369 -1.93075050769 -1.93075050769 -1.93075050769 1.68519065971 5.28570777999 -1.93075050769 0.236477580323 -1.64988378564 -5.58063429333 4.6700294771 0.160156795369
1.8217547389 3.59365576718 11.759928358 -5.48530772811 -19.6052513942 -0.197138129856 2.17061523892 3.87405088676 5.0036538165 -1.19401859979 2.73520958403 -15.2539202531 16.8521393622 -2.0 -5.10285541222 -1.15782807905 -15.6733540555 -9.37498664292 1.07864950127 69.3695233139 1.39618393452 9.86565987431 -0.81829414191 2.1713993508 -1.88216574858 -6.21229245824 -6.94180978955 -4.7557903968 -7.99494865039 2.75091965599 -4.7557903968 -4.7557903968 -4.05745239549 -1.15782807905 7.99672934806 -6.75248831196 1.06437267579 6.07104037634 19.3311784363 -0.457274301959 -7.99494865039 -3.32850141911 -4.82503988911 -4.82503988911 -1.93075050769 21.9091320564 7.93330666576 0.116769900444 -4.7557903968 -4.7557903968 -7.99494865039 -4.7557903968 -4.7557903968 -4.78351721414 19.3834633919 0.167297615588 -4.7557903968 -5.67674120642 -4.7557903968 -4.7557903968 -2.48648999637 -4.7557903968 -7.99494865039 -4.7557903968 -4.7557903968 -4.7557903968 -7.99494865039 -4.7557903968 -2.48648999637 -4.7557903968 0.18601939275 -4.77451217396 16.8055097718 4.34637395995 -4.7557903968 25.14829031 6.39733941839 19.3311784363 -0.0588318605102 -2.48648999637
-14.0618893818 -0.976270799563 -1.10285541222 25.4707405925 0.33994635439 7.7453363734 -4.58886284285 -0.762418584907 -5.40032149675 -15.9670487687 5.15440351124 -0.114588375659 3.78860199983 7.47433604308 25.4881939797 4.44058107527 -19.4859117218 -4.45770552072 8.28692762524 1.39618393452 65.5518552536 -4.98617116926 2.99595286757 2.09830065137 2.82996894041 -5.28391167184 -11.3866002956 -0.471889869225 1.46485752512 2.15519310742 1.28646442775 1.28646442775 0.0638047217125 -11.8480550959 -3.6124963345 -6.38073373327 -1.54594799258 -6.94180978955 -6.94180978955 -1.10285541222 1.46485752512 9.62445815183 -14.8382664881 1.1656969463 6.66240915324 -6.76341669218 13.7829696044 -1.87341538734 1.28646442775 -0.471889869225 -0.592657350671 1.28646442775 1.28646442775 0.188520233596 3.61294950409 -0.120878221578 -4.59847448189 -8.2772997138 1.28646442775 1.28646442775 -4.98617116926 1.28646442775 1.46485752512 1.28646442775 1.28646442775 1.28646442775 1.46485752512 1.28646442775 -0.719241963331 1.28646442775 -1.83795627006 4.11072697708 3.43455640672 -3.6124963345 1.28646442775 -6.94180978955 -6.94180978955 -6.94180978955 0.943937812122 -0.719241963331
1.59248726421 -3.071860638 0.894315281112 -10.3726233419 1.63473605178 -1.6044222018 -0.638683784625 -3.071860638 -1.9235359311 18.0750154675 -1.72620457059 -15.6628647325 -5.23023407587 -4.36326486528 4.16998571902 -2.0 -0.589220420454 -4.53138641213 -1.20373284217 9.86565987431 -4.98617116926 72.9800809655 14.2158475266 1.66173675651 -1.30882777934 -2.3529894973 -3.08250682861 0.282769161087 -2.9563890925 -0.589220420454 0.282769161087 0.282769161087 -4.46639687488 -6.26692920593 -0.562219715723 3.0352806217 -1.27298233448 -15.2070265315 -4.97323986775 0.0710474185505 -2.9563890925 1.66173675651 -0.770777601072 -8.77077760107 -4.29401537297 -9.11884259357 1.58527268761 5.87480843395 0.282769161087 0.282769161087 -11.9406863623 0.282769161087 0.282769161087 0.167297615588 -11.5409201477 13.6285672068 1.18921363332 11.7094913404 0.282769161087 0.282769161087 6.72655030951 0.282769161087 -2.9563890925 0.282769161087 0.282769161087 0.282769161087 -2.9563890925 0.282769161087 0.556564590494 0.282769161087 14.9283551961 16.5580352972 -8.30176189411 -4.0397479873 0.282769161087 -5.87968433998 -1.31185678866 -4.97323986775 -2.0 0.556564590494
-1.339732161 -4.50964092227 -0.996687239282 -2.1010213061 -1.27048266869 -4.50964092227 -0.771705923944 -4.50964092227 1.76765879152 -4.807898532 1.3259646081 -6.63228376171 -1.15623343354 -0.532189592321 2.87820003475 0.384952007918 -2.0 -8.84300343686 0.228456546055 -0.81829414191 2.99595286757 14.2158475266 50.6060736983 -1.27048266869 0.534598390415 5.13913752854 4.13467712627 -1.37150397479 -4.61066222837 -2.0 -1.37150397479 -1.37150397479 13.7320814205 -0.232341208483 -2.0 -3.77338888194 3.15199546415 -0.796851508817 -0.527737408326 -1.339732161 -4.61066222837 -1.27048266869 -1.4407534671 -1.4407534671 -0.34518726719 -3.76689566191 -0.042188592633 -3.70299702627 -1.37150397479 -1.37150397479 -4.61066222837 -1.37150397479 -1.37150397479 -1.27048266869 3.71529204545 11.0358747488 -1.37150397479 -0.069486725761 -1.37150397479 -1.37150397479 -0.527737408326 -1.37150397479 -4.61066222837 -1.37150397479 -1.37150397479 -1.37150397479 -4.61066222837 -1.37150397479 -0.527737408326 -1.37150397479 -3.63374753397 15.9776845384 13.704450299 -5.93075050769 -1.37150397479 -0.527737408326 16.5872346909 -0.527737408326 2.99595286757 -0.527737408326
16.4411036183 5.51818889276 8.10963013772 -4.54596103345 1.41593322136 -15.7604437086 -7.84797690066 9.45094127778 -3.31479840565 4.34327757528 -1.15782807905 -1.339732161 1.44188201949 -1.632502502 -1.78880513237 2.01403323428 -14.3448946774 -0.430493274223 -1.77452830689 2.1713993508 2.09830065137 1.66173675651 -1.27048266869 36.5678364114 0.125328769933 0.973846613483 -14.7535802015 2.64402977918 1.16322582257 -15.6733540555 4.40238407615 4.40238407615 -4.50964092227 -1.71719318654 7.09971768682 0.203488136325 -1.78880513237 -4.82503988911 -4.7557903968 1.42254454168 1.16322582257 11.3295738238 -11.791596332 4.29767546656 0.195101287279 -7.99494865039 3.46471029805 1.04488202866 4.40238407615 2.64402977918 -0.63058759169 4.40238407615 4.40238407615 8.07678038585 -9.45145071182 2.38024590216 -1.48255483348 -1.95053663583 4.40238407615 4.40238407615 -14.3195414663 4.40238407615 1.16322582257 4.40238407615 4.40238407615 4.40238407615 1.16322582257 4.40238407615 -1.48796922576 4.40238407615 4.7664887864 3.45555017077 -6.21229245824 7.44936229871 4.40238407615 -4.7557903968 -4.84376166627 -4.7557903968 -0.770817031511 -1.48796922576
-16.1041107555 -5.12132400217 -1.88216574858 -2.11747169604 -1.66002623177 -4.93464360264 -0.638683784625 -5.08586488488 -3.93754017799 2.02831338206 -2.0 1.31916985457 -2.61168307989 -0.07415145945 -6.26692920593 -5.96454088272 -2.63868378463 -1.81414011017 -1.93075050769 -1.88216574858 2.82996894041 -1.30882777934 0.534598390415 0.125328769933 119.969799332 0.655365871861 -14.5612955598 1.32014443904 -0.160659517568 -2.63868378463 3.07849873602 3.07849873602 -1.85073890671 0.950847161984 -2.61168307989 -7.62824542131 -2.0 -8.06785090882 13.2827653256 -1.97841594562 -0.160659517568 0.210637134095 -14.099778942 -6.09581550759 1.75345232983 -2.25346240025 0.425282132389 -10.408577741 3.07849873602 1.32014443904 -11.0240785658 3.07849873602 3.07849873602 -1.76139826714 -2.70455986317 -3.64413369473 -13.7734110887 -4.45716250008 3.07849873602 3.07849873602 -3.06755224834 3.07849873602 -0.160659517568 3.07849873602 3.07849873602 3.07849873602 -0.160659517568 3.07849873602 1.19937695759 3.07849873602 -1.31957186152 5.22235272691 0.534598390415 -2.54243358759 3.07849873602 0.985695853338 -13.6558996077 13.2827653256 -2.0 1.19937695759
0.869138003892 -3.58152879405 -1.27048266869 1.56845674443 2.4890503975 -2.30077075739 -0.889458756769 -3.54606967677 7.51556961821 14.3048502055 -11.7676587915 3.47275325442 -6.94180978955 -17.1805105137 4.25861336345 -3.99142832315 -1.66796161929 21.3177048114 5.21732161252 -6.21229245824 -5.28391167184 -2.3529894973 5.13913752854 0.973846613483 0.655365871861 74.2751293251 -17.0126887345 3.0995015913 -0.139656662281 -2.0 3.0995015913 3.0995015913 0.695540396926 -11.6410741789 -2.0 -8.0 5.80296221598 -4.24119533689 -4.17194584458 -1.339732161 -0.139656662281 1.05915497765 3.030252099 2.90948461755 -14.6264648054 -7.41110409817 2.16969622088 -0.633516978297 3.0995015913 3.0995015913 -0.260424143727 3.0995015913 3.0995015913 -0.221603059023 -10.6136047939 -1.04528272529 -1.02708302136 -5.98955573704 3.0995015913 3.0995015913 -13.9493780184 3.0995015913 -0.139656662281 3.0995015913 3.0995015913 3.0995015913 -0.139656662281 3.0995015913 -1.11780577779 3.0995015913 -0.528808368706 0.0300215433271 7.71910898744 -1.93075050769 3.0995015913 -4.17194584458 -6.38256325665 -4.17194584458 8.59065174416 -1.11780577779
117.667209779 -1.52776405949 -2.0 -17.0619516593 -0.387203582619 2.37443397718 -3.28134684622 -1.66796161929 17.398036986 -35.2999829093 -7.76765879152 -5.06976175176 -9.45145071182 11.567165883 -7.74138663655 -0.0268874404317 14.2803675414 -25.7293521614 8.11055238383 -6.94180978955 -11.3866002956 -3.08250682861 4.13467712627 -14.7535802015 -14.5612955598 -17.0126887345 179.311037345 1.65314303104 -12.7132335878 -4.50964092227 -12.7132335878 -12.7132335878 2.93023824824 -7.50087661907 1.38056419349 -4.0 -7.16675847057 -4.90146317589 -4.90146317589 -1.46416323731 -12.7132335878 -14.7535802015 119.03152207 -9.95159602803 0.163269527758 -4.90146317589 0.841090493436 -1.74966100502 -12.7132335878 1.65314303104 -6.20665940917 -12.7132335878 -12.7132335878 -1.66796161929 17.1025745389 -16.2619441569 -2.47344158162 -3.14482830625 -12.7132335878 -12.7132335878 1.32110465033 -12.7132335878 -12.7132335878 -12.7132335878 -12.7132335878 -12.7132335878 -12.7132335878 -12.7132335878 -2.44339685661 -12.7132335878 -1.88985856481 -15.1866398883 6.71464858517 0.844727430795 -12.7132335878 -4.90146317589 -7.04283109565 -4.90146317589 21.3879686219 -2.44339685661
2.53932116959 -2.12502673262 0.18601939275 101.164608316 2.61702907445 -0.657588296421 -0.619962007463 -2.08956761533 -1.5560384331 -0.269574545511 -2.0 0.465348898108 -5.48530772811 0.493152475817 -2.0 -1.75908711466 -0.23846026258 1.0917214048 -1.93075050769 -4.7557903968 -0.471889869225 0.282769161087 -1.37150397479 2.64402977918 1.32014443904 3.0995015913 1.65314303104 108.354599129 -13.2360762254 -0.570498643292 -9.99691797185 -9.99691797185 -2.70455986317 -1.87341538734 -0.543497938561 -0.638683784625 -2.0 -26.5355932741 -1.65266324032 0.0897691957125 -13.2360762254 2.72933814334 -11.050464734 -19.1712322155 0.562401968123 -20.7212047656 3.46676924145 -7.00639818853 -9.99691797185 108.354599129 96.0103761236 -9.99691797185 -9.99691797185 1.23489900242 -7.41110409817 -14.3310407939 2.51977585417 -2.17243358135 -9.99691797185 -9.99691797185 -27.0457975815 -9.99691797185 -13.2360762254 -9.99691797185 -9.99691797185 -9.99691797185 -13.2360762254 -9.99691797185 -14.214225341 -9.99691797185 2.08260769091 -13.085119797 -4.17194584458 -0.474248446254 -9.99691797185 -17.482046512 -4.8662996994 -1.65266324032 -1.66796161929 -14.214225341
-14.9969642106 9.9236181918 -3.05313886083 -17.0085156871 -0.622129179137 11.391056628 -0.619962007463 10.1374704065 -1.37764533573 -1.75037850212 -1.82160690263 -2.70455986317 -5.30691463074 0.671545573188 -2.0 -1.58069401729 -0.23846026258 15.0771137236 -2.0 -7.99494865039 1.46485752512 -2.9563890925 -4.61066222837 1.16322582257 -0.160659517568 -0.139656662281 -12.7132335878 -13.2360762254 19.2705490622 -0.570498643292 7.04351104041 7.04351104041 9.52247815861 -1.87341538734 -0.543497938561 -0.638683784625 -2.0 -11.1842690666 -4.89182149391 -3.08013956557 19.2705490622 1.24853418673 -10.0655171453 -2.06155371089 2.25150677279 10.0270662251 -0.586284179146 -10.1763069498 7.04351104041 -13.2360762254 -10.2924960523 7.04351104041 7.04351104041 -2.00425925117 4.81593392362 2.70938821833 -1.53327756643 -2.17243358135 7.04351104041 7.04351104041 -11.7637228662 7.04351104041 19.2705490622 7.04351104041 7.04351104041 7.04351104041 19.2705490622 7.04351104041 1.06784937434 7.04351104041 -1.15655056268 3.95530921527 -7.41110409817 -0.543497938561 7.04351104041 -2.19997179671 -8.03620846068 -4.89182149391 -1.66796161929 1.06784937434
-15.2806581517 -28.2224679413 -11.9987419076 1.64352632464 45.0777060653 54.001243022 11.5285426877 -20.6151638451 -19.7811768697 -1.95053663583 -4.11380452734 -2.0 -22.5561783112 -2.0 -22.0446652018 -1.15782807905 38.0189512572 -1.95053663583 -0.86759187048 2.75091965599 2.15519310742 -0.589220420454 -2.0 -15.6733540555 -2.63868378463 -2.0 -4.50964092227 -0.570498643292 -0.570498643292 103.400577127 -0.570498643292 -0.570498643292 -2.0 -1.15782807905 0.396877374038 19.3954856853 4.48348873716 -1.90963676964 -4.49417785834 -3.7176602366 -0.570498643292 -27.57008041 -0.570498643292 -0.570498643292 -4.50964092227 1.32293401532 5.74877353941 -5.51230843284 -0.570498643292 -0.570498643292 -0.570498643292 -0.570498643292 -0.570498643292 -21.8363940338 -0.10656734139 -0.589220420454 -0.570498643292 -8.23356644004 -0.570498643292 -0.570498643292 1.24661323036 -0.570498643292 -0.570498643292 -0.570498643292 -0.570498643292 -0.570498643292 -0.570498643292 -0.570498643292 1.24661323036 -0.570498643292 -5.51230843284 -0.589220420454 -5.92367921505 -5.14565983835 -0.570498643292 1.32293401532 -0.5128996355 -4.49417785834 15.8888794837 1.24661323036
-11.8270554493 -2.12502673262 0.18601939275 -17.1869087845 2.61702907445 -0.657588296421 -0.619962007463 -2.08956761533 -1.5560384331 1.48877975146 -2.0 0.465348898108 -5.48530772811 0.493152475817 -2.0 -1.75908711466 -0.23846026258 2.85007570177 -1.93075050769 -4.7557903968 1.28646442775 0.282769161087 -1.37150397479 4.40238407615 3.07849873602 3.0995015913 -12.7132335878 -9.99691797185 7.04351104041 -0.570498643292 10.282669294 10.282669294 -2.70455986317 -1.87341538734 -0.543497938561 -0.638683784625 -2.0 -8.01436030528 -1.65266324032 0.0897691957125 7.04351104041 4.48769244032 -6.89560838401 1.10835505039 2.3207562651 -2.19997179671 2.65287407444 -7.00639818853 10.282669294 -9.99691797185 -22.3411409767 10.282669294 10.282669294 1.23489900242 -7.41110409817 5.94854647191 1.70588068716 -2.17243358135 10.282669294 10.282669294 -8.52456461264 10.282669294 7.04351104041 10.282669294 10.282669294 10.282669294 7.04351104041 10.282669294 4.30700762792 10.282669294 2.08260769091 7.19446746886 -4.17194584458 -0.474248446254 10.282669294 1.03918645688 -4.8662996994 -1.65266324032 -1.66796161929 4.30700762792
-11.8270554493 -2.12502673262 0.18601939275 -17.1869087845 2.61702907445 -0.657588296421 -0.619962007463 -2.08956761533 -1.5560384331 1.48877975146 -2.0 0.465348898108 -5.48530772811 0.493152475817 -2.0 -1.75908711466 -0.23846026258 2.85007570177 -1.93075050769 -4.7557903968 1.28646442775 0.282769161087 -1.37150397479 4.40238407615 3.07849873602 3.0995015913 -12.7132335878 -9.99691797185 7.04351104041 -0.570498643292 10.282669294 10.282669294 -2.70455986317 -1.87341538734 -0.543497938561 -0.638683784625 -2.0 -8.01436030528 -1.65266324032 0.0897691957125 7.04351104041 4.48769244032 -6.89560838401 1.10835505039 2.3207562651 -2.19997179671 2.65287407444 -7.00639818853 10.282669294 -9.99691797185 -22.3411409767 10.282669294 10.282669294 1.23489900242 -7.41110409817 5.94854647191 1.70588068716 -2.17243358135 10.282669294 10.282669294 -8.52456461264 10.282669294 7.04351104041 10.282669294 10.282669294 10.282669294 7.04351104041 10.282669294 4.30700762792 10.282669294 2.08260769091 7.19446746886 -4.17194584458 -0.474248446254 10.282669294 1.03918645688 -4.8662996994 -1.65266324032 -1.66796161929 4.30700762792
-4.50964092227 7.53900400214 -4.23584549287 -0.016525843525 -4.50964092227 7.53900400214 -3.88224716717 7.71739709951 1.94605188889 -1.19914463083 9.31984309498 -1.13288617701 -0.977840336167 3.38357441657 -0.232341208483 6.16519242467 -2.0 5.29013695013 5.76105437313 -4.05745239549 0.0638047217125 -4.46639687488 13.7320814205 -4.50964092227 -1.85073890671 0.695540396926 2.93023824824 -2.70455986317 9.52247815861 -2.0 -2.70455986317 -2.70455986317 34.6284257882 5.3695061109 -2.0 1.82845843744 0.0414542209234 -2.06065790489 -1.86079329671 -4.50964092227 9.52247815861 -4.50964092227 -2.70455986317 -2.70455986317 3.32293415202 10.3662447251 -6.39188808945 -4.96680342235 -2.70455986317 -2.70455986317 9.34408506124 -2.70455986317 -2.70455986317 -4.50964092227 14.7378911892 -2.70455986317 -2.70455986317 1.83661563944 -2.70455986317 -2.70455986317 -1.86079329671 -2.70455986317 9.52247815861 -2.70455986317 -2.70455986317 -2.70455986317 9.52247815861 -2.70455986317 -1.86079329671 -2.70455986317 -4.96680342235 -2.70455986317 9.26085316741 -6.0 -2.70455986317 -1.86079329671 -2.02576021833 -1.86079329671 -0.114588375659 -1.86079329671
-1.04115886406 3.92125042508 3.11863148993 1.07743177464 -1.71719318654 -0.891045906596 10.81335149 3.24521610259 14.9616051269 15.3983710687 20.911557274 5.3695061109 -1.15782807905 -3.21604854932 -1.4267568679 -19.034804609 -14.1315635744 -5.64107417886 -8.28685923872 -1.15782807905 -11.8480550959 -6.26692920593 -0.232341208483 -1.71719318654 0.950847161984 -11.6410741789 -7.50087661907 -1.87341538734 -1.87341538734 -1.15782807905 -1.87341538734 -1.87341538734 5.3695061109 134.765093114 3.11863148993 -12.9929267681 -0.729582165261 -2.0 -2.0 3.11863148993 -1.87341538734 -1.03124346639 -1.87341538734 -1.73321782755 -5.5524760933 -2.0 -11.0312434664 -1.19738106486 -1.87341538734 -1.87341538734 3.0075229132 -1.87341538734 -1.87341538734 -1.03124346639 -7.76765879152 -2.0 -6.0 12.320939294 -1.87341538734 -1.87341538734 -6.26692920593 -1.87341538734 -1.87341538734 -1.87341538734 -1.87341538734 -1.87341538734 -1.87341538734 -1.87341538734 -2.0 -1.87341538734 -1.87341538734 0.950847161984 -7.76765879152 3.11863148993 -1.87341538734 -2.0 -2.0 -2.0 -5.64927965324 -2.0
8.02825035329 7.51301309018 -2.31607487563 -3.05313886083 -14.6769330581 -15.2806581517 -22.4106873938 7.1203171864 1.54826755407 -1.9235359311 -5.15782807905 -2.0 6.39353289802 -2.0 -6.39320563279 3.11863148993 -10.8830734613 -1.9235359311 8.76323605157 7.99672934806 -3.6124963345 -0.562219715723 -2.0 7.09971768682 -2.61168307989 -2.0 1.38056419349 -0.543497938561 -0.543497938561 0.396877374038 -0.543497938561 -0.543497938561 -2.0 3.11863148993 80.1894189275 5.35332944493 2.55739589309 -2.72638606491 -4.46717715361 3.88571893252 -0.543497938561 6.10329668945 -0.543497938561 -0.543497938561 0.844727430795 1.34993472005 0.277182580314 -5.48530772811 -0.543497938561 -0.543497938561 -0.543497938561 -0.543497938561 -0.543497938561 1.1614868999 -0.10656734139 -0.562219715723 -0.543497938561 -3.10580920503 -0.543497938561 -0.543497938561 1.27361393509 -0.543497938561 -0.543497938561 -0.543497938561 -0.543497938561 -0.543497938561 -0.543497938561 -0.543497938561 1.27361393509 -0.543497938561 -5.48530772811 -0.562219715723 -5.92367921505 9.89137554671 -0.543497938561 1.34993472005 -0.485898930769 -4.46717715361 -8.55430612404 1.27361393509
